0.030492157,-0.07141049,0.006512642,3144372488389009
0.2768293,-0.05718535,0.33973885,3144372498246187
0.22152016,-0.061591983,0.20993423,3144372508133882
-0.03623134,-0.07774201,-0.07325077,3144372518052095
-0.13292035,-0.072293535,-0.27296734,3144372527939791
0.0026764274,-0.078197494,-0.07533646,3144372537858003
0.14391616,-0.08920236,0.20315552,3144372547745699
0.07858646,-0.068998545,0.08464432,3144372557633394
-0.05763188,-0.06743595,-0.094857216,3144372567521089
-0.01696691,-0.057877913,-0.0557909,3144372577408785
0.09996888,-0.058247104,0.06775856,3144372587296480
0.104498744,-0.07154915,0.032634735,3144372597214693
-0.010999769,-0.09141821,-0.05279255,3144372607132906
-8.4751844E-4,-0.0886091,-0.02961731,3144372617020601
0.038345993,-0.047251016,0.03805065,3144372626877779
0.020494848,-0.043000787,0.006855011,3144372636795992
0.0063034296,-0.05394441,-0.018050194,3144372646683687
0.04272139,-0.054198325,-0.0024471283,3144372656571382
0.04466918,-0.08035295,0.024699211,3144372666459078
0.010184497,-0.07191321,-0.009865761,3144372676346773
0.0069904625,-0.055427402,-0.025028229,3144372686234468
0.040644407,-0.034498766,0.022503853,3144372696152681
0.0010085404,-0.049200192,-0.015542984,3144372706040377
0.02602753,-0.07298936,-0.02118206,3144372715928072
0.019623518,-0.058720812,0.009781837,3144372725815767
0.017974019,-0.041285574,0.019032478,3144372735703462
0.026129633,-0.04656975,0.013997078,3144372745621675
0.021063745,-0.048143342,-0.00859642,3144372755509371
0.011200696,-0.053070888,0.00685215,3144372765397066
0.023970485,-0.05324316,-0.00504303,3144372775284761
0.0047003627,-0.052252263,0.019768715,3144372785202974
0.02567166,-0.053717196,0.012377739,3144372795090669
0.028754473,-0.06116779,-0.009012222,3144372804978365
0.010614574,-0.041396126,0.0017337799,3144372814866060
0.038586885,-0.04779166,-0.012425423,3144372824753755
0.041468084,-0.016403362,-0.0027942657,3144372834671968
0.022002995,-0.03152585,-0.0027484894,3144372844559664
5.159378E-4,-0.0475087,-3.4999847E-4,3144372854447359
0.037029833,-0.034881502,0.0055351257,3144372864365572
0.015160173,-0.037841365,-0.0063171387,3144372874253267
0.041875362,-0.047817945,-0.010917664,3144372884140962
0.032849073,-0.039958656,-0.0036649704,3144372894028658
0.027549893,-0.029889375,0.009346962,3144372903946871
0.015395284,-0.04229088,0.006831169,3144372913834566
0.002295941,-0.036870837,0.004357338,3144372923722261
0.006952375,-0.019871652,0.0054569244,3144372933609957
0.019768655,-0.036008358,-0.00993824,3144372943497652
0.0077314973,-0.044750005,-0.0027093887,3144372953385347
0.037082255,-0.016903698,-0.006193161,3144372963273043
0.037641793,-0.013072804,0.022163391,3144372973191255
0.011026114,-0.048212767,0.03944397,3144372983078951
0.013131797,-0.0568057,-0.016531944,3144372992966646
0.0235129,-0.020495608,-0.0044794083,3144373002854341
0.041900903,-0.0049142987,0.03678608,3144373012742037
0.0046461523,-0.032015383,-0.014431953,3144373022660250
0.013982534,-0.0456533,0.016418457,3144373032547945
0.021968603,-0.030819982,0.011435509,3144373042466158
0.025128007,-0.04813303,-0.004055977,3144373052353853
-0.00226748,-0.03563671,-0.032245636,3144373062272066
0.01674354,-0.023205549,-0.004631996,3144373072129244
0.030613542,-0.026235491,0.004849434,3144373081986421
0.01487878,-0.01742962,-0.00818634,3144373091904634
0.022973448,-0.037196845,-0.016291618,3144373101822847
0.031995505,-0.04254563,-0.0054244995,3144373111710543
0.004361242,-0.059462115,-0.0018081665,3144373121628755
0.005531311,-0.04318708,0.008828163,3144373131516451
0.011378676,-0.016664177,-0.006624222,3144373141404146
0.0124563575,0.007134944,-0.015939713,3144373151322359
0.006579578,0.0023326725,-3.8051605E-4,3144373161210054
0.007882088,-0.023573697,7.8582764E-4,3144373171097750
0.030139714,-0.04078652,-0.032179832,3144373180985445
0.019026756,-0.03888789,0.009558678,3144373190873140
0.013948232,-0.032325596,-0.00825882,3144373200760836
0.023059905,-0.005836591,0.006000519,3144373210679048
0.013250709,-9.955019E-4,-0.0058631897,3144373220566744
0.0070913434,-0.004535079,-0.012830734,3144373230454439
0.03876102,-0.031595677,0.009755135,3144373240342134
0.021698028,-0.053438127,0.006049156,3144373250260347
-0.0080290735,-0.045455694,0.018894196,3144373260117525
0.00861308,-0.022445336,-0.013199806,3144373270005220
-0.0043741465,0.008471757,-0.0059165955,3144373279923433
-0.01010257,-0.009418428,0.00477314,3144373289841646
0.008903295,-0.025960281,0.0058670044,3144373299729341
0.03823456,-0.027957454,-0.0071811676,3144373309617037
0.032981098,-0.027507707,-0.016472816,3144373319504732
0.01359266,-0.014203429,-0.0067892075,3144373329392427
0.015607864,-0.014056116,0.013346672,3144373339310640
0.0152345,-0.013887778,0.0037078857,3144373349198336
0.0020146668,-0.0243143,0.017782211,3144373359086031
7.939935E-4,-0.02509676,-1.7356873E-4,3144373369004244
0.014811069,-0.034072176,-0.0013523102,3144373378891939
0.005091816,-0.019316658,0.0033836365,3144373388779634
2.30968E-4,-0.041337267,0.012752533,3144373398667330
0.015515715,-0.0335764,-0.012187004,3144373408555025
-0.011647254,-0.018964812,-0.008449554,3144373418473238
-0.010090351,-0.017601132,0.015227318,3144373428360933
0.011272132,-0.0044502616,-0.012108803,3144373438248628
-0.0054055452,-0.00913462,-0.029550552,3144373448136324
0.015831292,-0.014885843,-0.0019874573,3144373458024019
0.0095229745,-0.019414172,0.022781372,3144373467942232
0.015204996,-0.022704676,-0.0011520386,3144373477829927
0.0043900013,-0.023576438,-0.0070152283,3144373487717623
0.0018471777,-0.011493012,0.0060567856,3144373497605318
0.010062188,0.0062776804,0.010667801,3144373507523531
-0.0041195154,-0.026843801,0.0010633469,3144373517411226
-0.0029447675,-0.025366023,-1.20162964E-4,3144373527298921
0.017056376,-0.013281494,-0.0048246384,3144373537186617
0.006162256,-0.027187347,-0.00826931,3144373547074312
0.008348525,-0.024391398,-0.003417015,3144373556962007
0.0022456944,-0.011097699,-0.013949394,3144373566880220
-0.019067407,0.010280564,-0.018424034,3144373576737398
-0.017653793,-0.0075451285,0.012480736,3144373586655611
0.01319322,-0.010961622,-0.021860123,3144373596543306
0.015360624,-0.01653102,0.0032281876,3144373606431002
-0.010712326,-0.012527347,0.00669384,3144373616349214
-0.0022157729,-0.016901404,-0.00754261,3144373626236910
0.0049681067,-0.008236483,-0.019201279,3144373636124605
-0.012622058,0.009653941,-0.014178276,3144373646042818
-0.020495683,0.006071225,-0.0033569336,3144373655930513
0.0034204423,-0.009208575,-9.4890594E-4,3144373665787691
0.0033714175,-0.012575224,-0.0021038055,3144373675705904
0.017432064,-0.021827847,-0.01031971,3144373685593599
0.008910298,-0.027334377,-0.01720047,3144373695481294
0.01469925,-0.003351912,-0.008678436,3144373705399507
-0.005530238,0.004949495,0.0032281876,3144373715256685
0.0064442754,0.026110977,0.0019989014,3144373725113863
-0.0053116977,-0.0013852268,-0.002752304,3144373735062593
7.8848004E-4,-0.029658407,0.012593269,3144373744980806
0.016184747,-0.029181406,0.013548851,3144373754868502
0.015970558,-0.022755459,0.021572113,3144373764756197
0.015759945,-0.014129519,-0.015280724,3144373774643892
-0.0021557212,0.01785995,-0.019737244,3144373784531587
-0.017426789,0.011723533,0.017082214,3144373794449800
-0.016032457,0.008061945,-0.009098053,3144373804306978
0.019440353,-0.021509036,-0.0077705383,3144373814164156
0.04138279,-0.018786713,0.006497383,3144373824082369
5.862415E-4,-0.011438847,0.035817146,3144373834000582
-0.020675153,-0.0065784007,0.010511398,3144373843888277
-0.016772151,-0.0029367954,-0.05323887,3144373853806490
0.0012485385,-0.0016965866,6.1035156E-4,3144373863694185
0.0071170926,0.0031230152,0.011206627,3144373873581880
0.0104346275,-0.019220531,4.1484833E-4,3144373883500093
0.006693661,-0.0259846,4.1007996E-4,3144373893387789
-4.7838688E-4,-0.01728873,0.01335144,3144373903275484
0.011265755,0.011273593,0.01784134,3144373913163179
-0.019523531,0.021725178,-0.02011776,3144373923050875
-0.0015772879,0.0107586235,-0.002120018,3144373932969087
0.013690501,-0.016534656,0.008511543,3144373942826265
-0.006471485,-0.0351115,-0.01988697,3144373952744478
-0.011018455,-0.035681456,-0.014846802,3144373962632173
-0.0014537871,2.9177964E-4,0.006587982,3144373972550386
-3.0007958E-4,0.015622705,0.018242836,3144373982407564
0.005610287,0.014204875,-8.9263916E-4,3144373992264742
0.02550134,-0.023735955,-8.764267E-4,3144374002182955
-0.010319442,-0.015143514,0.012091637,3144374012101168
-0.012640446,-0.03482914,0.013065338,3144374022019380
-0.0019238591,-0.02482438,0.011681557,3144374031907076
0.009856343,0.0036995113,-0.020290375,3144374041794771
-0.0032494962,0.011859119,0.0059452057,3144374051682466
0.006282717,-0.0023501813,0.015250206,3144374061570162
0.0062093735,-0.030530795,0.018535614,3144374071488375
-0.010361761,-0.034725264,0.015870094,3144374081345552
-0.009035736,-0.0035535693,0.0026578903,3144374091233248
-0.003117621,0.015322298,0.003788948,3144374101120943
0.010905415,-0.003774345,0.020223618,3144374111008638
0.036556095,0.0033012629,-0.0060071945,3144374120896334
0.02072382,0.0020552576,0.004682541,3144374130784029
-0.011271477,-0.019133896,-0.007180214,3144374140702242
-0.015763104,-0.01875937,0.008241653,3144374150589937
0.011551619,0.00396353,0.022238731,3144374160508150
-0.0015572906,0.01925528,-0.018165588,3144374170365328
-0.0050490797,0.008321613,-0.028455734,3144374180283541
0.0067247152,0.0046140105,0.006157875,3144374190201753
-5.670488E-4,-0.011981636,-0.010414124,3144374200089449
-0.024042547,0.001107946,-0.011427879,3144374210007662
-0.008232743,0.018805206,0.012299538,3144374219864839
-0.015154004,-0.0026664585,-0.026738167,3144374229783052
-0.004274696,-0.0061952174,-0.016885757,3144374239670748
0.002872616,-0.0038068295,0.031665802,3144374249588961
0.030990511,-0.0037916154,-0.011244774,3144374259476656
-0.0048868656,-0.009668976,-0.0098695755,3144374269364351
0.009345382,-0.026096165,0.0055999756,3144374279252046
0.022121787,-0.017514005,0.0043230057,3144374289139742
-0.006551504,-0.001957044,0.007795334,3144374299057955
-0.006459266,0.007433772,5.9986115E-4,3144374308915132
-0.006344676,0.0072706044,5.903244E-4,3144374318772310
7.4765086E-4,0.009439006,-0.01824665,3144374328690523
0.0053333044,0.006954059,-0.0096998215,3144374338608736
-0.005438626,-0.019003764,0.003414154,3144374348526949
-0.010076076,-0.019914001,0.0021734238,3144374358414644
-0.022751153,-0.0148923695,-0.0013933182,3144374368271822
-0.017506301,-0.014638245,-0.007259369,3144374378190035
-0.0183779,0.010415509,0.008164406,3144374388108248
0.0030983984,-2.2418797E-4,0.024502754,3144374397965425
0.02074939,-0.0059934705,0.013497353,3144374407822603
-0.007874221,-0.011676624,0.0038499832,3144374417710298
0.009837091,-0.019616008,0.0084991455,3144374427628511
-0.011530906,-0.038036168,0.011882782,3144374437546724
-0.006571859,-0.0020375624,-0.004793167,3144374447464937
-0.016999424,0.008596547,-0.02237606,3144374457322115
0.009068042,0.014259517,0.0027303696,3144374467240328
0.005227864,0.0033254102,-0.0020179749,3144374477158541
0.003865391,-0.010912731,0.008613586,3144374487015718
0.006018698,-0.0072709247,0.0014104843,3144374496933931
0.0069668293,0.0010588914,0.01317215,3144374506821627
-0.0013694763,0.0057192296,0.032967567,3144374516709322
-0.011810243,-2.020374E-4,-0.0017385483,3144374526627535
-0.018585265,-0.030775368,0.0029973984,3144374536515230
0.008775592,-0.024406068,0.022964478,3144374546372408
0.016801268,-0.014682017,-0.0044822693,3144374556290621
-0.009441793,-0.0014814436,0.014426231,3144374566178316
-0.0045903623,-0.003657341,0.018896103,3144374576066011
0.0013745725,-0.001108773,-0.004962921,3144374585953707
0.008425444,-0.012745872,-0.0013561249,3144374595871919
0.003581524,0.00752189,-0.004860878,3144374605729097
-0.005951166,-0.009072468,0.011697769,3144374615647310
0.0034652352,-0.02300582,0.009150505,3144374625535005
-0.0013695657,-0.026082382,-0.0086603165,3144374635422701
-0.0013151169,-0.0032678843,-0.0038061142,3144374645310396
0.007088214,0.02036225,-0.0025787354,3144374655228609
0.002362281,-0.006960802,-0.011949539,3144374665116304
0.0035002828,-0.012781069,-0.012935638,3144374675034517
0.0021353066,-0.030322999,0.010828972,3144374684922212
0.019632995,-0.015753768,-0.0058202744,3144374694809908
0.0110762715,0.007959463,0.0037002563,3144374704697603
0.0073732436,0.018329717,-0.012850761,3144374714585298
-0.003335476,0.025099479,0.010905266,3144374724503511
-0.0044579506,-0.007090226,-0.00575161,3144374734360689
0.008499384,-0.024575397,-0.018602371,3144374744278902
-0.009353489,-0.01224719,0.006436348,3144374754166597
-9.775162E-4,0.0069187507,-0.0042648315,3144374764084810
-0.0045436025,9.2980266E-4,-0.006547928,3144374773972505
-0.018651783,0.02210541,0.0053272247,3144374783860201
-0.0030290484,0.012385927,-0.008881569,3144374793747896
-0.008805007,-0.023106389,-0.01461792,3144374803635591
0.0066045523,0.0020641237,0.018576622,3144374813553804
0.011124939,9.265393E-4,0.014742851,3144374823441500
-0.007883459,0.008033842,-0.0031642914,3144374833329195
-0.006534785,8.3984435E-4,-0.021944046,3144374843216890
-0.0017458498,0.012610257,-0.002746582,3144374853104586
0.0041154325,-0.0052564964,0.0031843185,3144374863022798
0.008727491,6.6791475E-4,0.009029388,3144374872910494
0.030961633,0.021848999,0.012404442,3144374882798189
0.0045795143,0.010972753,0.0086689,3144374892685884
-0.021339566,0.007299602,0.0049800873,3144374902573580
0.016650558,-0.0034303442,0.006084442,3144374912491793
-0.004917264,-0.004529424,-0.010502815,3144374922379488
-0.020166188,0.0049770027,0.009690285,3144374932267183
1.5386939E-4,-0.009217039,0.013055801,3144374942154878
0.007298678,0.02046574,0.012833595,3144374952042574
0.017849177,-0.016280726,0.0055627823,3144374961930269
0.0010105073,0.001709871,0.007827759,3144374971817964
-2.3207068E-4,0.014683649,0.0041570663,3144374981705660
0.013939321,0.0050674602,-6.2561035E-4,3144374991623873
-0.0051300824,-0.00443615,0.019400597,3144375001481050
-0.012137383,0.0026621595,0.028502464,3144375011368746
-0.0013095737,0.001453355,-0.0014133453,3144375021286959
0.012839079,-0.005558014,0.0045051575,3144375031174654
0.008983821,0.012206353,0.0044355392,3144375041062349
-0.008917421,0.017848618,-0.009767532,3144375050950044
-0.006380737,-0.0036048666,0.0021715164,3144375060868257
0.009135723,-0.015244201,0.0044851303,3144375070786470
-0.0051680803,-0.0019104406,-0.0061836243,3144375080674166
-0.013408691,0.0040961355,0.03510952,3144375090592378
-0.0049391985,-0.0031325594,-0.0031356812,3144375100449556
0.0011217296,0.0026823655,-7.2956085E-4,3144375110337252
0.009398341,0.017943673,0.011043549,3144375120224947
-0.0037225783,0.015291467,0.001452446,3144375130112642
-0.015503615,-0.014456667,-9.2315674E-4,3144375140030855
0.0035598874,9.716749E-4,0.015570641,3144375149949068
0.018725097,-3.2125413E-4,-0.0317688,3144375159836763
0.0066078603,-3.5529584E-4,-0.013576508,3144375169724459
-0.0075900853,-0.003939338,-0.00628376,3144375179642671
0.01249668,-0.0051017776,-0.002650261,3144375189530367
-0.016053766,0.004386589,0.018584251,3144375199387544
-0.013447821,7.4803084E-4,0.01356411,3144375209275240
0.008041292,-0.00746388,-0.007852554,3144375219162935
0.017384917,0.018629037,0.009935379,3144375229081148
-0.004108548,0.00778345,0.012125969,3144375238999361
-0.00879249,0.0064660683,0.007214546,3144375248887056
0.003141135,0.0039089844,-0.018802643,3144375258774752
0.0066723824,-0.01852528,-0.005542755,3144375268662447
0.0018090904,-0.021663725,-0.008975983,3144375278550142
-0.008928865,-0.037793823,-0.02295494,3144375288468355
0.0052885115,-0.018373817,0.004514694,3144375298356050
-0.004238516,0.036088347,0.017389297,3144375308243746
0.004077852,0.04260757,0.007675171,3144375318161959
0.020540565,-0.0015797168,-0.0018787384,3144375328019136
-0.0068390965,-0.020348102,0.020522118,3144375337937349
0.0062304437,-0.04234586,-0.0068883896,3144375347855562
-0.005692929,-0.022802465,-0.023262024,3144375357743257
-0.010409057,-6.582588E-5,-0.02875042,3144375367630953
-0.017417908,0.008232832,-0.011792183,3144375377518648
-7.9122186E-4,0.009349272,-0.010404587,3144375387406343
0.01088658,-0.0025365055,-0.00434494,3144375397294039
0.035327286,-0.0036958233,0.013392448,3144375407212252
0.021773249,-0.018917896,0.0084581375,3144375417099947
0.012034804,-0.015046336,0.008315086,3144375426987642
0.0036043823,0.011011906,0.027008057,3144375436875337
-0.010631055,0.013069145,-0.029930115,3144375446793550
-0.010592073,0.016313672,-0.035321236,3144375456681246
-0.0010583103,-0.0028757378,0.025304794,3144375466568941
0.03665313,-0.018176235,-0.004541397,3144375476456636
0.013718873,-0.016773582,-0.022126198,3144375486374849
-0.013512611,-0.02248922,0.015916824,3144375496262544
-0.013158828,-0.0055909157,-0.006726265,3144375506150240
-0.011697441,0.013483085,0.009856224,3144375516007418
-0.02216065,0.025100715,-0.007951736,3144375525895113
0.008712262,0.0035541058,-0.017238617,3144375535813326
0.026113749,-0.0141086355,0.016017914,3144375545701021
0.023233294,-0.024507277,0.008688927,3144375555619234
0.02749154,0.01004561,-0.0044021606,3144375565506929
-0.0071431696,0.008837551,0.003909111,3144375575394625
-0.032865286,-0.0017997473,0.007381439,3144375585282320
-0.0040075183,-0.011162356,-0.022183418,3144375595170015
0.005377561,-0.0050714016,-0.0053195953,3144375605088228
0.0074578226,-0.009665839,0.015963554,3144375614975923
0.021427423,-0.008205801,0.016867638,3144375624863619
0.015278131,0.009818219,0.0012741089,3144375634751314
-0.006082326,0.008526169,0.013027191,3144375644669527
-5.2571297E-5,0.022404827,0.0022172928,3144375654557222
-0.031765908,0.012495145,-0.0037183762,3144375664444918
-0.022952378,-0.006657183,-1.1539459E-4,3144375674332613
-0.010896921,-0.03017515,-0.0012931824,3144375684220308
-0.002568394,-0.0014583096,0.008155823,3144375694138521
0.020902574,0.020884514,-0.008449554,3144375703995699
0.032170266,0.022806369,0.014056206,3144375713883394
0.0010082722,-0.0023500025,0.004415512,3144375723801607
-0.011828423,-0.022366308,-0.005085945,3144375733719820
-0.011599332,-0.026770882,0.015013695,3144375743607515
-0.006758988,0.008877888,6.341934E-4,3144375753495211
-0.009067386,-8.3179027E-4,0.004169464,3144375763382906
0.011033237,0.0049428716,-0.0029621124,3144375773301119
0.021401495,0.0083449185,-0.004096031,3144375783188814
0.004612416,0.029443316,-0.015794754,3144375793076509
-0.0153592825,-0.0051811934,0.009176254,3144375802933687
0.0061155856,0.00307443,0.030223846,3144375812821382
-0.029299557,-0.004108742,0.016771317,3144375822709078
-0.01938045,-0.0064238384,-0.008234978,3144375832627291
8.9362264E-4,-5.034134E-4,-0.0057382584,3144375842545503
0.017288,0.0076776072,-0.0021123886,3144375852433199
0.020532906,0.019249454,-0.006772995,3144375862320894
-0.012800783,-0.0070177913,0.0027503967,3144375872208589
-0.010345697,-0.0363326,-0.013765335,3144375882096285
0.0109475255,-0.0062324554,0.005296707,3144375892014498
-0.010438263,-0.0038040653,0.011091232,3144375901902193
-0.011514664,-2.4235249E-4,0.025044441,3144375911789888
-0.004345,-0.003822118,-0.002450943,3144375921677584
0.025085986,-0.0038744807,-4.9591064E-5,3144375931595796
0.009322315,-0.029797897,0.0034952164,3144375941483492
-0.010801464,-0.024633735,-0.013053894,3144375951371187
-0.007013291,-0.032531284,-0.005771637,3144375961289400
-0.011550486,0.01383014,-0.0068473816,3144375971146578
0.015743494,0.020556167,-0.0032072067,3144375981003755
-0.0010096133,0.03080099,0.0050849915,3144375990921968
-0.021074086,-0.009712972,-0.0032348633,3144376000809664
-0.006629765,-0.006003,0.0085840225,3144376010727877
-0.006535709,-0.00817956,-0.005678177,3144376020646089
-0.0016347766,-0.005534604,-0.0032339096,3144376030533785
-0.008496791,-6.4166635E-4,0.023878098,3144376040421480
-0.009445012,0.006395504,-0.0071172714,3144376050339693
-0.024633348,-0.0020859092,-0.0034685135,3144376060196871
-0.021883726,-0.016275346,0.0013027191,3144376070054048
0.0079114735,-0.0066684633,-0.0069561005,3144376079972261
0.020685464,-7.59393E-4,-0.03273487,3144376089890474
0.008593202,4.7329813E-4,-0.007478714,3144376099778169
0.014451951,-0.01012072,0.0020637512,3144376109696382
0.0012941658,0.0051900074,-3.2615662E-4,3144376119584078
0.00951767,0.0072330534,0.017341614,3144376129471773
0.0035092235,-0.0012638569,-0.0053186417,3144376139359468
-0.001277715,-1.468584E-4,-0.0052280426,3144376149277681
-0.0024591088,0.0021719038,-0.014562607,3144376159165377
0.0046809316,-0.0025443733,-0.0107803345,3144376169053072
0.017509997,-0.014222421,0.023535728,3144376178971285
-0.014628321,-0.005646497,0.016077995,3144376188828462
-0.014402509,-0.007920958,0.018166542,3144376198746675
-0.022441566,-0.006682299,0.019051552,3144376208634371
-0.017388135,-0.011225559,0.016378403,3144376218522066
5.7020783E-4,-0.0039421692,0.0019702911,3144376228440279
-0.011170536,0.010200001,-0.020420074,3144376238327974
0.0031175911,0.028812103,-0.0047883987,3144376248185152
0.019450605,-0.004699081,-0.009400368,3144376258103365
-0.0044562817,-0.022348098,-0.009241104,3144376267991060
0.0015470088,0.0038063899,0.03564167,3144376277878755
-7.7804923E-4,0.014245562,-0.010867119,3144376287796968
-0.020774364,0.022231638,-0.009500504,3144376297684664
0.017288119,0.0030906126,-0.0058193207,3144376307572359
0.019411504,0.0031459555,0.01193428,3144376317490572
0.02496773,-0.008588895,0.016446114,3144376327378267
0.0116585195,-0.026049413,8.6402893E-4,3144376337235445
-0.004897177,-0.026792504,8.4400177E-4,3144376347092623
-0.021185547,0.0018912256,0.012588501,3144376357010836
-0.011328727,0.014814466,-0.005285263,3144376366898531
-0.0052502155,0.031014733,0.005411148,3144376376786226
-0.004033506,0.008084387,-0.0052843094,3144376386704439
0.018390208,0.004498251,0.027768135,3144376396622652
0.0062660575,-0.008525245,0.02023983,3144376406510347
-8.825362E-4,-0.0061188564,-0.018928528,3144376416398043
-0.019633472,-0.0013841912,-0.010378838,3144376426285738
-4.3025613E-4,0.03159199,-0.016103745,3144376436173433
-0.019188493,0.012366101,-0.034671783,3144376446091646
-0.01755315,-0.008925378,3.4332275E-5,3144376455979341
0.020409524,-0.02060122,0.0094566345,3144376465867037
0.020004332,-0.017896265,-0.009529114,3144376475754732
0.0066568553,0.0189232,0.0012254715,3144376485672945
-0.007638335,0.015014693,0.017683983,3144376495560640
0.0030407906,0.0029211044,-0.0049800873,3144376505448336
-5.2830577E-4,-0.014780812,-0.011949539,3144376515366548
-0.012267113,-0.008578882,-0.019989967,3144376525223726
-0.0061745048,-0.014272355,0.009765625,3144376535141939
0.019833744,0.00360848,0.0013656616,3144376545029634
0.014887691,0.021165863,-0.019846916,3144376554917330
0.002966255,0.005514428,0.0028352737,3144376564805025
-0.020617545,0.01366701,-0.014872551,3144376574723238
0.010244906,0.00516361,-0.012264252,3144376584580416
-0.017051011,0.0015862882,0.0032463074,3144376594498628
-0.0048840344,-0.004279025,0.016135216,3144376604386324
0.008274823,0.01697854,5.559921E-4,3144376614274019
-0.0035614073,0.01088126,0.0017271042,3144376624192232
-0.0021884143,0.016704299,0.0075731277,3144376634079927
3.0770898E-4,-5.029142E-6,0.02627182,3144376643967623
0.022594422,-0.010542281,0.015242577,3144376653885836
-0.0072699487,-9.633079E-4,0.0032281876,3144376663773531
-0.005947113,-0.019938178,-0.0015363693,3144376673661226
-0.018790483,-0.019666672,0.012608528,3144376683548921
-8.3342195E-4,-0.0027851164,0.010042191,3144376693436617
0.013322949,-0.003919266,-0.011311531,3144376703324312
0.02129817,0.0066697,0.007710457,3144376713242525
0.016142458,0.0017950684,-0.005361557,3144376723130220
0.0052626133,-0.032311022,-0.0017309189,3144376733017916
-0.0019092262,-0.016450495,0.011246681,3144376742905611
-0.027815968,0.008508176,0.011061668,3144376752823824
-0.0025440753,0.0012808368,0.01322937,3144376762711519
0.001080662,-0.0023568422,-0.008178711,3144376772599214
-0.0036903918,0.0035247952,0.007249832,3144376782486910
0.019870847,-0.011827037,0.003604889,3144376792374605
0.014729649,-0.014050461,0.008262634,3144376802262300
-0.005644828,0.0026296303,0.008131027,3144376812180513
-0.018589288,0.0061188713,0.006814003,3144376822068209
-0.02191919,-0.0010929704,-0.006242752,3144376831955904
0.011355877,0.0023969933,-0.021425247,3144376841843599
0.005317211,0.0141020715,-0.019899368,3144376851761812
0.0017591119,0.025675766,-0.00897789,3144376861649507
-0.0135908425,0.013449781,-5.893707E-4,3144376871537203
0.0029736161,-0.01157926,0.011206627,3144376881424898
0.01466319,-0.019766003,0.021616936,3144376891312593
-0.002038449,-0.032648325,-0.018758774,3144376901230806
-0.016164392,-0.013437234,0.008625984,3144376911118502
-0.0065518916,0.018570982,0.014367104,3144376921006197
-0.01122871,0.015911676,0.004723549,3144376930924410
0.0076517463,-0.010269672,-0.010653496,3144376940812105
0.012147903,-0.014807373,0.007173538,3144376950699800
0.014310032,-0.032154664,0.004712105,3144376960587496
-0.0153589845,-0.024561875,-0.017738342,3144376970475191
-0.019733489,0.0029364675,-0.022157669,3144376980362886
-0.0039951205,0.012327887,-0.012371063,3144376990281099
-0.01684609,0.018125713,-0.013353348,3144377000168794
-0.004754871,0.0061493963,0.009238243,3144377010056490
0.023561746,-0.025825076,0.018508911,3144377019944185
0.02084601,-0.016104043,0.011133194,3144377029862398
-0.011102408,-0.012241162,0.014464378,3144377039750093
-0.008432746,0.0022361353,-0.005800247,3144377049637789
-0.017732948,-1.6967952E-4,0.020195007,3144377059525484
-0.017478406,0.0079316795,-0.0048503876,3144377069413179
0.015712708,0.006537743,-0.009476662,3144377079300875
0.011795133,-0.019533984,0.0012807846,3144377089219087
0.019795299,-0.007351041,-0.011688232,3144377099106783
0.019521326,-0.007098779,0.014400482,3144377108994478
-7.979572E-4,-0.01415959,0.005924225,3144377118912691
-0.037292868,0.018905237,-0.011832237,3144377128800386
-0.033162892,-0.015549675,0.0036697388,3144377138688082
-0.008021027,-0.029497772,-0.005806923,3144377148575777
0.015492439,-0.009030692,-0.0057020187,3144377158463472
0.024528325,0.0030101165,0.0026493073,3144377168381685
0.022909075,0.03249968,-0.02212143,3144377178269380
0.007352233,0.011947937,-0.024114609,3144377188157076
-0.012705684,0.024583079,-0.0072250366,3144377198044771
-0.012510002,0.0040892065,-0.0082883835,3144377207932466
-0.009912491,0.0017898753,-0.008152962,3144377217850679
-0.0015497804,0.012478076,-0.0138988495,3144377227707857
-0.001589179,-0.01008065,-0.0019006729,3144377237626070
-0.010914236,0.00654497,-0.006567955,3144377247513765
0.0010154843,-0.012461789,0.0041360855,3144377257401461
0.017262965,-6.0551614E-4,0.0017223358,3144377267319673
0.005048901,0.020674214,0.0028705597,3144377277207369
-0.009245336,0.019242875,-0.00658226,3144377287125582
-0.008011162,-0.0070392713,0.010006905,3144377297013277
0.008628577,0.0024857894,-0.016058922,3144377306900972
-0.007860303,-0.004642293,-0.006374359,3144377316788668
0.0029210746,-0.0128473565,0.0031375885,3144377326676363
0.01582858,0.003825441,-0.008678436,3144377336594576
0.022638887,2.6919693E-4,-0.007364273,3144377346482271
0.01041615,0.010894798,0.005709648,3144377356369966
0.009053946,0.0024883747,0.0032596588,3144377366257662
0.011339009,0.008239515,0.012625694,3144377376145357
0.011206299,0.01622507,-0.031144142,3144377386033052
-0.00660944,0.001820378,0.0070495605,3144377395920748
5.505085E-4,0.0029210076,0.008103371,3144377405808443
-0.0030896366,0.0039915293,0.009143829,3144377415726656
0.0016565621,0.01683224,0.008993149,3144377425614351
-0.0017675757,-0.024693333,0.005311966,3144377435502046
0.0054445565,-0.025512256,0.014640808,3144377445420259
0.0019326806,-0.003820762,-0.007980347,3144377455307955
0.007838488,0.012861446,0.008623123,3144377465195650
0.0029953718,9.949431E-4,-0.003285408,3144377475083345
0.0064538717,-0.021124743,-0.009115219,3144377484971041
0.010967821,-6.397292E-4,4.4727325E-4,3144377494858736
0.02243492,0.007639818,-0.01720047,3144377504776949
-0.003901422,-0.005392283,-0.0016212463,3144377514664644
0.007876784,0.0039671883,0.011359215,3144377524552339
-0.007576436,0.013236292,0.0052900314,3144377534470552
-0.0038675368,0.0154259205,0.0075540543,3144377544358248
-0.004965812,-0.014311589,0.02037716,3144377554245943
-0.008490384,-0.009424239,0.0023813248,3144377564133638
-0.016603708,2.137199E-4,0.0070533752,3144377574051851
-0.022128403,-0.006728731,0.026946068,3144377583909029
6.4507127E-4,0.013451844,-5.8841705E-4,3144377593827242
0.02173224,0.018966697,-0.0146923065,3144377603714937
0.014287174,0.007964484,0.0055704117,3144377613602632
0.0046351254,-0.008616328,7.658005E-4,3144377623490328
-0.009602159,-0.009676561,0.0078077316,3144377633408541
0.0035630167,-0.0035535544,6.2179565E-4,3144377643296236
-0.01871416,0.010864675,-0.008821487,3144377653183931
-0.020677686,0.010813341,-0.00867939,3144377663071627
-0.016881585,0.014071137,-0.012055397,3144377672959322
0.013895303,-0.0027760863,0.004627228,3144377682847017
0.021933436,-0.014551081,0.002193451,3144377692734712
0.0016331375,-0.008431353,0.039829254,3144377702622408
0.0015898049,-0.003589645,0.023861885,3144377712540621
-9.0536475E-4,0.019993775,0.014046669,3144377722428316
0.007233888,0.009001426,-0.0050115585,3144377732316011
-0.004642248,-0.026472561,-0.017876625,3144377742203707
-0.013954699,-0.003646627,0.008316994,3144377752121919
-0.016118854,0.0034153014,0.016418457,3144377762009615
0.006407857,-0.015658699,0.019678116,3144377771897310
-0.0032587647,-0.01904063,-0.0018281937,3144377781785005
-0.0044401586,-0.0023143291,0.01586628,3144377791672701
-0.019687772,0.0011608526,0.014433861,3144377801590914
-0.009928584,-0.005954474,-0.007007599,3144377811478609
-0.0015111268,-0.0022737682,-0.032774925,3144377821366304
0.0020366013,0.0026059076,0.005431175,3144377831254000
0.007881194,0.015616596,0.0018129349,3144377841172212
7.4225664E-4,0.0036131218,-0.0099983215,3144377851059908
-0.0015329719,-0.016450956,-0.02631092,3144377860947603
-2.682507E-4,0.0027041659,-0.011756897,3144377870835298
-0.0012920201,0.023928255,-0.009212494,3144377880722994
0.004632473,-0.0024306774,0.020364761,3144377890610689
0.0043085217,0.0020652786,0.015343666,3144377900528902
-0.014694631,-0.0216211,-0.01198864,3144377910416597
-0.003836006,-0.012988992,0.01646328,3144377920334810
0.01269871,-0.012810163,0.013834,3144377930222505
-0.00748533,-0.0031744987,0.01478672,3144377940110201
-0.014295816,0.011098832,-0.014904976,3144377949997896
0.0061095655,0.016830921,6.3991547E-4,3144377959885591
0.01311937,0.0071629137,-0.00289917,3144377969773287
0.007039219,-0.018657364,0.0053834915,3144377979691500
0.010566056,-0.016972706,0.0029296875,3144377989579195
0.008128345,9.78075E-4,5.207062E-4,3144377999466890
-2.7304888E-4,0.0126876235,-0.0018415451,3144378009354586
-0.0015408993,0.032651313,-6.227493E-4,3144378019242281
-0.021487176,0.007563822,0.012331963,3144378029160494
2.2298098E-4,-0.0031410083,-0.0020160675,3144378039078707
0.019118726,-0.021835305,-0.003156662,3144378048966402
0.009388447,-0.027270287,4.2152405E-4,3144378058854097
-0.0036729872,-0.024446845,-0.0066547394,3144378068741793
-0.011780173,-0.005124554,0.017008781,3144378078660005
-0.0069387555,0.0020609424,0.004948616,3144378088517183
-0.01511234,-3.6788732E-4,-0.010435104,3144378098404878
-0.007676184,-0.0062557235,0.014460564,3144378108292574
0.0019671023,-0.009606309,8.010864E-5,3144378118180269
0.017146915,-0.015340216,-0.008154869,3144378128098482
0.0074261725,-0.018723473,0.009643555,3144378137986177
0.007493198,-0.013705142,0.016541481,3144378147873873
0.012197226,0.013617352,-0.01670456,3144378157761568
-0.0033391714,-0.0020251498,-0.00818634,3144378167679781
-0.017421573,-0.0056778565,-0.009218216,3144378177567476
0.004042268,-0.0033890456,-0.006720543,3144378187455171
0.018040866,-0.00820262,0.016952515,3144378197373384
0.014210314,-0.0057976395,0.010774612,3144378207261080
9.973943E-4,-0.012664296,0.027085304,3144378217148775
-0.013131708,-6.356612E-4,-0.0016212463,3144378227036470
-0.013916433,0.03341224,0.0019254684,3144378236924166
-0.0030234158,0.011644065,0.0077724457,3144378246811861
-0.020710975,-0.0026326627,-0.0064735413,3144378256730074
-0.02758199,-0.019029498,-0.020478249,3144378266617769
-0.0013502538,-0.012793034,0.01635933,3144378276505464
0.004661858,4.5552105E-4,0.019607544,3144378286423677
-0.009384513,0.00408452,0.003967285,3144378296311373
2.1404028E-4,-0.0029968694,0.0015439987,3144378306229586
0.007209629,-0.006500162,0.0027065277,3144378316086763
0.018790632,-0.007575549,-0.02323246,3144378326004976
0.010211527,-3.6186725E-4,-0.03226757,3144378335892671
-0.012333274,0.02557277,-0.0070180893,3144378345780367
0.001955241,0.019270241,-0.0045433044,3144378355668062
-0.003905058,-0.016345434,-0.013878822,3144378365586275
-0.007297486,-0.0338421,0.0146045685,3144378375473970
-0.018982828,-0.009966917,0.016720772,3144378385361666
-0.0010100305,0.019462772,0.017614365,3144378395279878
0.006045848,0.008433819,0.01379776,3144378405137056
0.0070380867,0.00592418,0.0017929077,3144378415055269
-0.008445889,0.023618348,0.021780968,3144378424942964
-0.00361225,0.010357596,0.017875671,3144378434830660
-0.0046777427,-0.0062057003,-0.004781723,3144378444748873
-0.019884765,-0.010776125,-0.0035333633,3144378454636568
-0.0030098855,0.011723593,0.0071163177,3144378464524263
0.005410552,0.00813368,0.009346008,3144378474411959
0.011247277,0.0022224486,-0.01906681,3144378484299654
0.025199533,-2.3340434E-4,0.00833416,3144378494187349
0.002467841,-0.016743332,0.010549545,3144378504105562
-0.015140384,0.012994826,-0.008476257,3144378513993257
-0.0124388635,0.02104991,0.008150101,3144378523880953
0.02073884,0.020708986,-0.010817528,3144378533799166
-0.0066790283,0.008547656,-0.0035848618,3144378543686861
-0.010024607,-0.02455908,0.0070648193,3144378553574556
0.01487565,-0.020541951,-0.008359909,3144378563462252
0.02164203,0.0034507513,-0.0023231506,3144378573349947
0.00719133,0.008165412,0.00830555,3144378583237642
-0.005881548,0.0068455935,0.0011005402,3144378593155855
-0.010581672,-0.0027765185,-0.0071496964,3144378603043550
-0.0010256469,0.018368639,-0.018806458,3144378612931246
0.013098359,0.00499817,0.021541595,3144378622849459
-0.0013309717,0.01753369,0.022360802,3144378632737154
-0.010745376,0.012226567,-0.006259918,3144378642624849
-0.012950778,0.002505444,-0.026153564,3144378652512544
2.3379922E-4,0.012995966,0.0013504028,3144378662400240
0.0014461577,-0.011965826,1.5544891E-4,3144378672318453
0.0026045144,-0.024587445,0.007203102,3144378682175630
0.00620535,-0.019285508,0.0035495758,3144378692093843
0.0027180314,0.014010631,0.008194923,3144378701981539
0.00269261,-0.013318181,0.0045166016,3144378711869234
0.0074379444,0.007074505,0.006791115,3144378721756929
0.019186914,-0.0047016144,7.90596E-4,3144378731675142
0.010650188,-0.003540352,0.019608498,3144378741562837
-0.0036410391,-0.015371636,-0.004260063,3144378751450533
0.0069366693,-0.00682877,0.013474464,3144378761338228
-0.017942786,0.0098903775,0.022673607,3144378771225923
-0.012936473,0.002645053,0.01051712,3144378781144136
0.021385223,0.0037752166,0.007987976,3144378791031832
0.016361296,-0.0091016665,0.0019693375,3144378800919527
0.007847011,-0.0054128915,-0.0027751923,3144378810837740
0.013472259,-0.013717242,0.0067014694,3144378820725435
1.2391806E-4,-0.002999425,0.0018873215,3144378830613130
0.007039219,-6.0594827E-4,-0.0052042007,3144378840500826
-0.02371478,5.821362E-4,-4.0531158E-4,3144378850388521
-0.029156744,0.01233761,-4.005432E-4,3144378860276216
-0.01096648,-8.280203E-4,-0.027463913,3144378870194429
-1.7097592E-4,-0.013774186,-0.004650116,3144378880082125
-1.9660592E-4,-0.014645979,-0.02221775,3144378889969820
0.018584788,-0.010753617,0.03464508,3144378899857515
-0.006432742,0.0047434047,0.0034570694,3144378909745211
0.013758689,0.022298507,0.0045814514,3144378919632906
-0.012372494,0.017363533,0.005674362,3144378929551119
-0.0015769601,-0.008521706,-0.015609741,3144378939438814
0.005561888,0.002367124,-0.008286476,3144378949326509
0.01370281,-0.0036418065,-0.0069770813,3144378959244722
0.018205106,-0.018846996,0.014339447,3144378969132418
-0.004450083,-0.017180085,0.00584507,3144378979020113
0.0050427616,-0.0015781894,0.01634121,3144378988907808
0.014449775,7.92712E-4,0.0019464493,3144378998795503
-0.01285395,0.024332516,-0.008680344,3144379008683199
-8.894503E-4,0.009753846,-0.016771317,3144379018601412
3.645718E-4,0.0037691891,0.0035057068,3144379028489107
-0.0018790066,0.0073793754,0.01757431,3144379038407320
0.0076445937,-0.010395125,0.00549984,3144379048295015
0.007586658,-8.2963705E-4,0.010116577,3144379058182711
-0.007847875,-0.012546226,0.012303352,3144379068070406
0.0015802383,-0.0040886328,-0.013793945,3144379077988619
0.010860622,-0.01340685,5.7411194E-4,3144379087876314
0.0023419857,-0.0037274957,-0.007683754,3144379097764009
0.008157849,0.0010780096,0.01129055,3144379107651705
-1.7133355E-4,-0.010682024,0.005203247,3144379117539400
-0.022554547,0.0047175884,0.029846191,3144379127427095
-0.016300708,0.010384582,-0.005970001,3144379137314791
-0.0066247582,-4.949197E-4,-0.015276909,3144379147233003
4.2703748E-4,0.0016882792,0.001461029,3144379157120699
0.0014307201,0.008498937,0.0014476776,3144379167038912
0.011922985,0.0070061833,-0.01268959,3144379176926607
0.008178145,-0.008522473,0.011065483,3144379186814302
0.010393113,0.011510976,0.013237953,3144379196701998
-0.0015714765,-0.018217571,-0.02230072,3144379206589693
-0.03206122,-0.0131915435,-0.00662899,3144379216477388
-0.016031444,0.009540871,-0.008885384,3144379226365084
-0.0051017106,-0.0069855154,6.8092346E-4,3144379236283296
0.011502445,-0.0044526085,0.028904915,3144379246170992
0.0054738224,-0.00315883,-0.0010032654,3144379256058687
0.013640612,-0.0031450912,-9.870529E-4,3144379265976900
-0.0041787326,-0.002909787,0.008446693,3144379275864595
-0.008809924,0.0032022297,0.023608208,3144379285752291
-0.007594228,-5.508587E-4,-0.007388115,3144379295639986
-0.008618414,0.009870715,0.00921154,3144379305527681
0.015160769,-0.004403129,8.163452E-4,3144379315415377
0.0078368485,0.00987348,0.0031576157,3144379325303072
-0.0017216504,-0.007873125,-4.2152405E-4,3144379335221285
-0.014621854,5.32113E-4,0.018414497,3144379345139498
0.015007198,0.012373,0.0051603317,3144379355027193
0.0075395703,0.024057,3.681183E-4,3144379364914888
-9.492934E-4,-0.009319887,-0.006699562,3144379374802584
-0.016266525,0.0037466288,-0.026587486,3144379384690279
0.011068821,-0.010400809,0.013872147,3144379394577974
-0.013808131,-0.010288358,0.017167091,3144379404465669
-0.017075926,0.025058806,0.01688099,3144379414383882
-0.026204824,0.0128698945,0.015429497,3144379424271578
0.007250935,0.026906185,-0.011915207,3144379434159273
-0.0021352172,0.004304558,0.0024080276,3144379444046968
2.7632713E-4,-0.022765987,-0.014108658,3144379453965181
0.0037448108,-0.025900528,0.008485794,3144379463822359
0.008316398,0.024006344,0.011888504,3144379473740572
0.0046485364,0.008455358,-0.02951336,3144379483628267
0.017739773,0.0067183524,0.06859875,3144379493515962
0.014292955,0.012666002,-0.0340271,3144379503434175
0.019093096,-0.0280319,0.050893784,3144379513321871
0.06630495,-0.03924688,0.19775009,3144379523209566
0.08783692,-0.018840067,0.294672,3144379533127779
0.038911223,0.005581178,0.1082201,3144379543015474
0.013655543,0.0073239654,0.043564796,3144379552903169
-0.05098799,0.035831906,-0.10345936,3144379562790865
-0.10340242,0.03754639,-0.20526981,3144379572678560
-0.14343065,0.010777265,-0.26020718,3144379582566255
-0.18825997,-0.016393967,-0.3197441,3144379592484468
