0.07285541,-0.013587728,0.1138916,3083117088776742
0.030772269,0.006697722,0.047361374,3083117098694955
-0.036482036,0.0029907152,-0.046577454,3083117108582651
-0.046740055,0.0063051954,-0.07652569,3083117118470346
0.019443154,0.007320985,0.009604454,3083117128327524
0.019671261,0.0072731525,0.049575806,3083117138245736
-0.018345594,0.014158115,-0.003109932,3083117148102914
-0.043397903,0.002091907,-0.037303925,3083117158021127
0.015725076,0.004386589,-0.006047249,3083117167908822
0.036666572,0.016190238,0.037675858,3083117177796518
0.0010713935,-0.0016209781,0.007604599,3083117187714731
-0.013234973,-0.011087216,-0.013764381,3083117197602426
-1.9001961E-4,0.0042584836,-0.006474495,3083117207490121
0.010691524,-0.013466209,0.011343956,3083117217377817
0.013964415,0.012665063,0.006447792,3083117227296029
0.0144331455,0.01120206,-0.0195961,3083117237183725
-0.0045193434,-0.0043017194,-0.020446777,3083117247071420
0.013801038,0.0100227,-0.0012435913,3083117256959115
-0.01713878,0.0040262863,-0.012981415,3083117266877328
-0.011708856,4.962459E-4,-0.032805443,3083117276765024
-0.007918358,-0.010015056,-4.8351288E-4,3083117286652719
0.00122118,0.003092274,0.033682823,3083117296540414
0.016210973,0.017071567,0.013122559,3083117306458627
-0.0016243458,1.969859E-4,-0.0059309006,3083117316346322
0.0103001,-0.003346227,-0.010549545,3083117326234018
-0.0029449463,0.007390395,-0.028012276,3083117336152231
-0.004230559,-0.01741457,0.0054121017,3083117346039926
-0.0051890016,-0.004104212,-0.009990692,3083117355927621
-0.0025807023,0.009005897,0.01606369,3083117365815317
0.027956069,0.0018465668,-0.0030298233,3083117375703012
0.012099922,0.010047495,0.0111608505,3083117385621225
0.008499205,-6.945506E-4,-0.01964283,3083117395508920
-0.0055469275,-0.004058264,-0.0040245056,3083117405396615
-0.0043120384,-3.5507977E-4,0.018400192,3083117415314828
0.0085350275,0.0125723705,0.014576912,3083117425202524
-0.015104473,0.008840345,-0.006855011,3083117435090219
-0.00882858,0.008708864,0.007369995,3083117444977914
-0.011049926,0.008506648,1.821518E-4,3083117454865610
0.006703317,-0.0023353249,-0.0033416748,3083117464753305
0.0077978373,-0.012898035,0.0061359406,3083117474671518
-0.0028558373,0.017966226,0.015437126,3083117484559213
-0.011048377,-0.003460303,0.010482788,3083117494477426
-0.0074133873,0.0025597736,-0.008534431,3083117504365121
-0.020192623,-0.010445669,-0.008394241,3083117514283334
-0.002150476,0.0026188642,-0.010612488,3083117524171029
0.0012624264,-0.0056679845,-0.0033597946,3083117534058725
-0.005975187,0.009725288,0.012008667,3083117543976938
-6.6161156E-6,-0.0069108605,-0.009376526,3083117553864633
0.0060176253,0.008573361,-0.049261093,3083117563752328
-0.004508972,-0.030377313,0.07280159,3083117573640024
-8.6170435E-4,-0.013395019,-0.034360886,3083117583558236
0.008645296,0.0032664388,-0.007894516,3083117593415414
-0.003328085,-0.020391151,0.027561188,3083117603303110
-0.007042885,0.013971433,0.0012187958,3083117613190805
0.009425521,0.0078185275,-0.017624855,3083117623109018
0.008143663,-0.012364462,0.027395248,3083117632966195
-0.003724873,-0.0040052757,0.004565239,3083117642884408
0.00344944,-0.010997742,-0.014344215,3083117652802621
0.009319067,0.006845318,-0.0035142899,3083117662690317
0.01270175,0.024453446,0.03657627,3083117672608529
0.019514203,0.010016821,0.017122269,3083117682496225
-0.0019763112,-0.0031087995,0.0027170181,3083117692383920
-0.0054481626,-0.007803865,-0.002040863,3083117702271615
-0.0030288696,-0.017109133,-0.023191452,3083117712159311
0.006353438,-0.012123741,0.021927834,3083117722047006
-0.011449218,0.01163213,0.032157898,3083117731934701
-0.011163533,0.0032600388,0.022208214,3083117741852914
0.027899504,0.0032188147,0.002989769,3083117751710092
-0.005567014,-0.011015378,0.002943039,3083117761628305
-0.0055018067,-0.016835608,-0.00534153,3083117771516000
0.013392746,-0.0061161816,-0.00406456,3083117781403695
0.003743291,-0.010816351,-0.018130302,3083117791291391
-0.006866753,0.012896106,0.008067131,3083117801209604
-0.0043751,0.004440531,-0.002661705,3083117811127817
0.007497549,-0.009763859,-0.014382362,3083117821015512
0.0061362386,-0.024892546,-0.0023765564,3083117830903207
-0.009321928,-0.013869964,-0.009401321,3083117840821420
-0.018359244,0.0028926507,-0.010427475,3083117850709115
-0.02254951,0.01710242,-0.024400711,3083117860596811
0.004769683,0.0075103715,0.004265785,3083117870484506
-0.002510786,0.0062294006,-0.029932022,3083117880402719
0.007106304,0.010798804,-0.010611534,3083117890290414
0.0036537647,0.0070625395,-0.006904602,3083117900178110
-0.009334207,-0.006043561,0.0038022995,3083117910065805
-0.0068258047,-1.5582144E-4,0.013147354,3083117919953500
-7.8463554E-4,0.024499185,-0.020023346,3083117929871713
-0.017176807,0.008776493,-0.03382778,3083117939759408
-0.008656144,0.0015913025,0.020887375,3083117949677621
0.0055556297,0.020408548,0.013474464,3083117959565317
0.009001017,0.01177118,0.0156059265,3083117969453012
-0.0052376986,0.012612648,0.0023956299,3083117979340707
0.018485367,0.018227123,-4.7683716E-6,3083117989228403
-0.013532698,-0.003172569,-0.0058908463,3083117999146615
-0.0074531436,-0.0019184798,-0.009317398,3083118009034311
0.0020179152,-0.017299451,2.5081635E-4,3083118018922006
0.008950889,5.1780045E-4,0.02733612,3083118028809701
0.015752792,4.2754412E-4,0.0068712234,3083118038727914
0.013122201,0.031027697,-0.012072563,3083118048615610
-0.014182031,0.0081386715,0.019907951,3083118058503305
0.01308614,-0.0026785582,-4.3582916E-4,3083118068421518
0.0069678426,-0.013259731,-0.011021614,3083118078278695
0.0068724155,0.015192568,0.016243935,3083118088196908
9.4616413E-4,-0.010970883,0.0030202866,3083118098084604
0.0010491014,-1.9238889E-4,-0.0029182434,3083118107972299
0.009289622,9.266436E-4,-0.0028705597,3083118117890512
0.006726444,0.0020528585,-0.009886742,3083118127778207
-0.0052257776,-0.009751961,-0.015599251,3083118137665903
-0.0075223446,-0.014259309,-0.0247612,3083118147553598
0.010259628,-0.0010799095,0.016854286,3083118157471811
-0.008785129,-0.0070466325,0.0071525574,3083118167359506
0.0043309927,-0.017530799,-0.009442329,3083118177247201
-0.0051273704,-0.01134643,1.2111664E-4,3083118187134897
-0.017993867,-0.013572805,0.011898041,3083118197022592
-1.2397766E-5,-4.0892512E-4,0.017580032,3083118206940805
0.0023408532,0.018366016,0.010235786,3083118216828500
-0.020072699,0.026178315,-0.008779526,3083118226716195
-0.0019592643,-0.0014972091,0.004310608,3083118236634408
-0.019395888,0.0019967258,-0.018128395,3083118246522104
0.009226143,-0.01092229,0.0033569336,3083118256409799
0.018404007,-0.0036586374,0.017424583,3083118266297494
0.0027312636,0.010551102,0.0018339157,3083118276215707
0.012041688,-0.01086019,-0.0052452087,3083118286103403
-0.010543227,0.003396608,-0.021645546,3083118295991098
-0.012726247,0.0021921024,0.015206337,3083118305878793
-0.0030853152,-0.0071405023,0.014950752,3083118315766488
0.0029075742,-0.01992599,0.02883339,3083118325684701
-0.0065918565,-0.00900647,-0.006965637,3083118335572397
-6.7681074E-4,0.014654249,-0.004488945,3083118345460092
0.007568836,0.022539072,0.029722214,3083118355347787
0.016936004,0.0044404715,-0.03904724,3083118365266000
0.006105542,-0.0062581003,-0.007789612,3083118375153695
-0.015161872,0.006715037,0.005288124,3083118385041391
0.0016354322,-0.004072778,-0.0065813065,3083118394929086
0.012197852,0.0030780658,0.007662773,3083118404816781
-0.011624098,0.004237406,-0.008951187,3083118414734994
-0.0044153333,-0.015891254,-0.0064430237,3083118424622690
-0.0067742467,7.9263E-4,-0.0039749146,3083118434540903
0.009712994,-0.00862623,0.024350166,3083118444398080
-0.0034260154,-0.008415066,0.008641243,3083118454316293
0.002524197,-0.0070722997,0.0026159286,3083118464173471
0.028015912,0.013001762,0.05667782,3083118474061166
-0.033369303,-0.010860123,-0.057426453,3083118483948861
-0.045393705,-0.0036733076,-0.037724495,3083118493867074
0.0397619,-0.008253656,0.032444,3083118503754770
0.018810093,-0.011670873,-0.010388374,3083118513642465
-0.017141819,0.0071742907,-0.005484581,3083118523530160
-0.022113025,0.015308037,5.197525E-4,3083118533417856
-0.013409793,0.0058086663,-0.024157524,3083118543336069
-0.025558114,-0.017711304,0.00459671,3083118553254281
-0.014999568,0.0015127733,-0.010627747,3083118563141977
0.027876496,0.029792212,0.019171715,3083118573060190
0.024861515,-0.018873967,0.038996696,3083118582947885
-0.0065956116,-0.012518339,-0.012173653,3083118592835580
0.0014064908,-0.0170011,-0.014239311,3083118602723276
0.023049116,-0.013220377,0.03201866,3083118612641488
0.013138771,-0.015361406,0.019780159,3083118622529184
0.013965845,-0.0115970895,0.017102242,3083118632416879
0.011859834,-0.01034195,0.015620232,3083118642304574
6.9862604E-4,0.0074034333,-0.030599594,3083118652222787
-0.0038335323,-0.004511118,-0.034811974,3083118662110483
0.0024212003,-0.016282216,0.024682045,3083118671998178
-0.019996762,-0.02430398,-0.01686287,3083118681885873
0.0028386712,0.0032649413,-0.012913704,3083118691773569
-0.0140042305,0.0104497,-0.01837349,3083118701691781
0.014292598,0.0057614595,0.008116722,3083118711579477
-0.008725882,0.0023897141,-0.0023097992,3083118721467172
-0.016291022,2.7410686E-4,-0.053749084,3083118731385385
0.030774593,0.018246248,0.04287052,3083118741273080
0.03767878,0.012340635,0.060152054,3083118751160776
0.008206785,0.011015341,-0.0018882751,3083118761078988
0.0095011,-0.009213984,-0.0029697418,3083118770966684
0.0034185648,-8.041188E-4,0.008844376,3083118780854379
0.0065144897,-8.7209046E-4,0.012189865,3083118790742074
-0.006721616,-0.005825773,-0.010444641,3083118800629770
-0.005272746,0.008229144,-0.006752968,3083118810517465
0.016258776,-0.005994454,0.021669388,3083118820435678
0.011061728,0.011954695,0.001376152,3083118830323373
0.0024886727,0.006015569,-0.015040398,3083118840211069
0.019814849,-0.0011039749,0.0017757416,3083118850129281
0.010837734,-0.0022097304,0.01009655,3083118860016977
0.008932412,-0.010341361,0.0076799393,3083118869904672
0.0012257099,-0.017142802,0.022960663,3083118879792367
0.01636666,-0.0121206865,-0.006778717,3083118889680063
-0.015671909,-0.010720156,-0.0054063797,3083118899598276
0.04739362,-0.0092384815,0.06771183,3083118909485971
-0.02992791,-0.010190278,-0.053556442,3083118919373666
0.004308641,-0.009986386,-0.012696266,3083118929261361
0.023382604,-0.018085666,0.07232952,3083118939179574
0.0025550723,0.006745659,-0.014852524,3083118949067270
-0.044168353,0.004031718,-0.07474995,3083118958954965
-0.04801935,-0.01615338,-0.040472984,3083118968842660
-0.031609178,-0.019316345,0.0040359497,3083118978760873
-0.024448454,0.017750837,0.011361122,3083118988648569
-0.14417547,0.02244886,0.032585144,3083118998536264
-0.36031127,0.02353511,0.022740364,3083119008454477
-0.5115687,0.031712197,0.025943756,3083119018311654
-0.27276146,0.024483085,0.03605461,3083119028168832
-0.17972046,0.017272346,0.07647991,3083119038087045
-0.2907648,0.034619465,0.024298668,3083119047974740
0.0037702918,0.043340907,0.008159637,3083119057892953
0.4098304,0.038734958,0.04757023,3083119067811166
0.6633727,-0.041191183,-0.06290817,3083119077698861
0.5723956,-0.048109904,-0.12527466,3083119087586557
0.258662,-0.013757706,-0.022435188,3083119097474252
0.013770461,-0.0044041798,0.046998978,3083119107392465
0.049636662,-0.014181346,-0.027032852,3083119117280160
-0.007634878,-0.0010726601,0.017279625,3083119127167856
-0.23245591,-0.004780926,-0.013792992,3083119137086069
-0.23474902,-0.0049445033,-0.029309273,3083119146943246
-0.10900426,0.027260043,0.0041332245,3083119156861459
0.0042843223,-0.0014290884,0.031550407,3083119166749154
0.12428093,-0.009829134,-0.04983425,3083119176636850
0.112675965,-0.014608681,-0.008019447,3083119186555063
0.13022459,0.027296886,-0.005675316,3083119196442758
0.05513215,0.04535921,-0.02957058,3083119206330453
-0.075987875,0.034889676,0.05532646,3083119216218149
-0.11980486,0.033768825,0.016958237,3083119226105844
-0.20755714,0.03686905,-0.0022706985,3083119235993539
-0.04883361,-0.025894374,0.021519661,3083119245881235
0.029920459,-0.037235573,0.005821228,3083119255799447
0.04829949,-0.03899432,-0.056370735,3083119265717660
-0.049797595,-0.05612933,-0.002491951,3083119275605356
-0.21824056,-0.019458704,-0.041809082,3083119285493051
-0.22763681,0.0031758472,0.0073509216,3083119295380746
-0.16300488,0.0033363923,0.010998726,3083119305268442
-0.055477083,0.063132435,-0.039161682,3083119315186654
0.17954648,0.061056055,0.054429054,3083119325074350
0.22924078,0.005809188,0.023964882,3083119334962045
0.21349573,-0.008895367,0.018746376,3083119344880258
0.22672206,-0.04355698,-0.0063734055,3083119354737436
0.21546054,-0.045886606,-0.08047199,3083119364594613
0.24676263,-0.02552034,0.002131462,3083119374512826
0.2534117,-0.034893185,0.026871681,3083119384400522
0.142542,-0.022973605,-0.021785736,3083119394288217
-0.088081956,-0.017035365,0.037490845,3083119404206430
-0.20413923,-0.047638737,4.3582916E-4,3083119414094125
-0.3156888,-0.049351245,0.015709877,3083119424012338
-0.51838183,-0.06597324,-0.007047653,3083119433930551
-0.6724146,0.008563422,5.722046E-5,3083119443818246
-0.6466645,0.041617736,-0.052573204,3083119453705942
-0.20760858,-0.017129414,0.04313469,3083119463624154
0.14998591,0.0017890856,0.020461082,3083119473511850
0.20935762,0.01701615,-0.014087677,3083119483393259
0.29432023,0.013312921,-0.0115737915,3083119493280954
0.24170285,0.03349319,0.018325806,3083119503168650
0.111320555,-0.0052973926,-0.0044403076,3083119513056345
-0.03151411,0.026134327,-0.031933784,3083119522944040
-0.10895848,-0.0080566555,-0.016338348,3083119532862253
0.1202414,-0.038389206,0.043427467,3083119542749949
0.24136472,-0.031893656,-0.027119637,3083119552668161
0.25686038,-0.0016479492,0.0076084137,3083119562555857
0.09163028,0.03563778,0.023171425,3083119572443552
-0.04577464,0.015334412,-0.03533268,3083119582331247
-0.05341214,0.013184145,-0.0029745102,3083119592218943
0.036117673,0.0040820315,0.03405571,3083119602106638
0.057235897,-0.030377336,0.004137993,3083119612024851
-0.13634753,-0.0053818226,-0.06625748,3083119621912546
-0.06370109,-0.024512097,0.047450066,3083119631800242
-0.06874448,0.03625439,-0.020709038,3083119641687937
-0.0907045,0.060834005,0.013938904,3083119651575632
-0.19333726,-0.0041457564,0.01384449,3083119661493845
-0.12168795,-0.03072811,0.035190582,3083119671381540
-0.2804293,-0.03590931,-0.013899803,3083119681269236
-0.30976498,-0.0302248,-0.034155846,3083119691187449
-0.10338384,-0.0049565583,-0.02651596,3083119701075144
-0.0029833913,0.010526963,0.023376465,3083119710962839
0.023719609,0.018730633,0.001824379,3083119720850534
0.077414095,0.041087605,0.03474331,3083119730738230
0.09735757,0.039247222,0.012975693,3083119740656443
0.23292124,0.013635218,0.012722969,3083119750544138
-0.011315048,-0.016410507,-0.0075445175,3083119760431833
-0.06653726,-0.030838452,-0.033307076,3083119770350046
0.0076272488,-0.030780226,-0.0350399,3083119780237742
0.09309858,-0.040954545,-0.008466721,3083119790125437
0.020740211,-0.0402411,-0.01060009,3083119800013132
-0.03679812,0.014827155,-0.015024185,3083119809931345
0.042285204,0.045945764,-0.011089325,3083119819819040
-0.013971627,0.011994384,0.02809143,3083119829706736
-0.017045915,0.018543571,0.003033638,3083119839594431
0.103979945,0.013053685,0.013673782,3083119849482126
0.20195663,-0.026607618,0.005224228,3083119859369822
-0.022133172,0.047191396,0.0086250305,3083119869288034
0.06796628,0.01593101,0.035531044,3083119879175730
0.15351158,0.043733634,-0.013360977,3083119889063425
-0.06618512,0.016544126,0.023319244,3083119898951120
-0.3260404,-0.02345889,-0.041831017,3083119908869333
-0.2831213,-0.015504323,0.023554802,3083119918757029
-0.124458134,-0.04739485,-0.011025429,3083119928644724
0.09632921,-0.007011771,-0.027314186,3083119938562937
0.031023204,0.0020636916,-0.014998436,3083119948450632
-0.11563814,0.03818544,-0.015834808,3083119958307810
-0.08982098,0.02201444,0.08453083,3083119968226023
-0.041998625,0.015127279,-0.0146074295,3083119978144236
0.06747198,-0.028439723,0.026745796,3083119988062449
0.18351793,-0.026630655,-0.0514946,3083119997950144
0.055000722,-0.061167665,0.0034923553,3083120007837839
-0.23961908,-0.03709255,-0.049491882,3083120017725534
-0.12459189,0.02824337,-0.027433395,3083120027613230
0.08673698,-0.017462008,0.016663551,3083120037531443
0.1332426,-0.008072786,-0.018853188,3083120047419138
0.10268319,-0.0011152923,0.03685093,3083120057306833
0.117079675,0.058409743,0.041035652,3083120067225046
0.14243829,0.059990518,-0.046693802,3083120077112742
0.20295435,0.014658041,0.049461365,3083120086969919
0.13481629,0.01579678,-0.026701927,3083120096888132
-0.1905722,-0.003569141,-0.03569889,3083120106775827
-0.20172495,-0.024810173,0.021416664,3083120116663523
-0.02251482,0.012149014,-0.0083351135,3083120126581736
0.13314211,0.010916658,0.033083916,3083120136469431
0.23688352,0.0215998,-0.0038881302,3083120146357126
0.15710777,0.068595126,-0.016744614,3083120156275339
0.040130258,-0.013554014,0.02003479,3083120166163034
-0.11409843,0.020943947,-0.035661697,3083120176050730
-0.15501577,0.016088374,0.013138771,3083120185938425
-0.11547327,0.002843216,0.03643322,3083120195826120
-0.13359094,-0.022529207,-0.020731926,3083120205713816
0.02503997,-0.06048332,-0.025155067,3083120215632029
0.2374782,-0.024481446,-0.035313606,3083120225519724
0.13181365,-0.007872999,-0.029910088,3083120235407419
-0.050223827,-0.017192781,-0.0010414124,3083120245295115
-0.18473679,0.01279752,0.01789093,3083120255182810
-0.17281508,0.023522057,0.03762722,3083120265070505
-0.14487886,0.039974637,0.0041007996,3083120274988718
-0.07270557,0.0479332,-0.0041542053,3083120284876413
0.15608996,0.01571875,0.005367279,3083120294764109
0.2691887,-0.019751705,0.05124283,3083120304651804
0.22424662,-0.0149461925,-0.040224075,3083120314570017
0.106767714,-0.007738024,-0.0053720474,3083120324457712
0.11764759,0.022114284,-0.008717537,3083120334345408
-0.09620988,0.03984662,-0.002617836,3083120344263620
-0.17172492,-0.006362289,0.013936996,3083120354120798
-0.26421833,0.006835833,-0.0074834824,3083120364039011
-0.044919312,0.023266017,0.049106598,3083120373926706
-0.068939805,-0.0017173216,-0.02359581,3083120383814402
-0.2992522,-0.010942072,-0.019691467,3083120393732615
-0.1941852,-0.03400702,0.048903465,3083120403620310
0.14355624,0.005650215,-0.0284338,3083120413508005
0.3397289,-0.0048438236,-0.016176224,3083120423395700
0.24637574,-0.0023093075,0.01826477,3083120433313913
-0.06501114,-0.024906978,-0.007933617,3083120443201609
-0.12999773,0.012820914,-0.0019817352,3083120453089304
-0.21865767,-0.0098918155,0.0038862228,3083120462976999
-0.21830314,-0.005082451,-0.025631905,3083120472895212
-0.10170597,0.009026922,0.0065927505,3083120482782908
-0.08153623,4.973635E-4,-0.008798599,3083120492670603
0.2282893,-0.02086053,0.026723862,3083120502588816
0.3475597,0.004042946,-0.007750511,3083120512476511
0.3263293,0.02780521,0.03056717,3083120522364206
0.1628682,-0.011827618,-5.426407E-4,3083120532251902
0.111284256,0.010696463,-0.011297226,3083120542170115
-0.06786078,0.0023875535,-0.053079605,3083120552057810
-0.114866436,-0.006727539,0.046671867,3083120561945505
-0.26600903,0.03297989,0.016690254,3083120571833200
-0.31903088,-0.052986294,0.011865616,3083120581720896
-0.18141288,0.016319752,-0.012013435,3083120591608591
-0.038320422,-0.014836654,0.022684097,3083120601526804
-0.024637759,-0.020874083,0.029845238,3083120611414499
0.07868254,-0.023469001,-0.035865784,3083120621302195
0.21634549,-0.0043353885,0.057400703,3083120631189890
0.24516666,0.0029309765,-0.003610611,3083120641108103
-0.024526477,-0.01011318,-0.026270866,3083120650995798
-0.29031974,0.014072105,-0.001074791,3083120660883493
-0.19819623,0.06556841,0.025232315,3083120670771189
-0.033964813,0.08438003,-0.0058498383,3083120680689402
0.1297428,0.008554891,0.027095795,3083120690577097
0.15311104,-0.001610592,0.013573647,3083120700464792
-6.08325E-4,-0.033223756,-0.025608063,3083120710383005
-0.040777385,-0.07265627,0.008900642,3083120720240183
-0.11085838,-0.081954345,-0.043026924,3083120730158396
-0.14795476,0.015194774,-0.023392677,3083120740046091
-0.078011334,-0.006401807,0.012442589,3083120749933786
0.042874932,0.0478641,-0.0100336075,3083120759851999
0.05498624,0.028129876,0.003165245,3083120769739695
0.00451988,0.015756175,-0.0132808685,3083120779627390
-0.012640953,0.0012799278,0.017588615,3083120789545603
-0.07701433,0.028107628,0.018457413,3083120799433298
-0.026109636,0.0036697462,-0.026586533,3083120809320993
-0.023496628,-0.03424838,-0.044960976,3083120819208689
0.16097426,0.007731743,0.05471134,3083120829096384
0.17740774,0.025364041,-0.027363777,3083120838984079
-0.10039532,-0.030523963,0.05787468,3083120848871775
-0.044713914,-9.031445E-4,-0.08787155,3083120858789988
0.15287,0.011839211,0.071320534,3083120868677683
0.1329794,-0.009832822,-0.0169878,3083120878565378
0.08895773,0.012244903,-0.008500099,3083120888483591
0.06464428,0.00951197,-0.051960945,3083120898371286
0.00976038,0.016562037,0.025389671,3083120908258982
-0.1503846,-0.017686948,0.022616386,3083120918146677
-0.19029975,-0.010289118,-0.02367115,3083120928064890
-0.11947203,0.026438028,0.054454803,3083120937983103
-0.13822204,0.0046509355,-0.031166077,3083120947870798
-0.028095424,0.010221913,0.0576725,3083120957758493
0.04676509,0.038048446,-0.012757301,3083120967646189
0.15299779,-0.054751582,0.049779892,3083120977564402
-0.08368325,-0.033156954,-0.02292347,3083120987452097
-0.12290019,-0.034311943,-0.03670883,3083120997339792
-0.12979048,0.006229982,-0.021918297,3083121007227488
-0.08670062,0.024096616,0.01619625,3083121017115183
-0.04920727,0.04054047,0.043107033,3083121027002878
0.11753708,0.023304425,0.0083322525,3083121036921091
0.13871479,-0.0023283064,-0.015317917,3083121046808786
0.062168837,-0.084031664,0.027318954,3083121056696482
0.021945119,-0.05482368,-0.033143997,3083121066614695
-0.010359883,-0.011489682,-0.016106606,3083121076502390
-0.131607,-0.028303117,0.012419701,3083121086390085
-0.025053263,0.041107938,-7.162094E-4,3083121096277781
0.021974087,0.01524061,0.021690369,3083121106165476
0.042286575,0.03248073,0.0025072098,3083121116053171
0.17976886,0.06127958,0.009568214,3083121125971384
0.07904023,0.0057612285,0.01300621,3083121135859079
-0.010641813,-0.016266659,0.0022735596,3083121145746775
-0.03441125,0.03728828,-0.018927574,3083121155664988
0.16530263,0.019236661,0.047302246,3083121165552683
0.2151205,-0.013136014,-0.012396812,3083121175440378
0.086511016,-0.03470178,-0.056973457,3083121185358591
-0.044377863,0.015103765,0.025194168,3083121195246286
-0.15044934,0.031545885,-0.018805504,3083121205133982
-0.26723754,0.018550396,-0.03031063,3083121215021677
-0.029438019,0.009661764,0.021965027,3083121224939890
0.059209228,0.0044141114,0.0039396286,3083121234827585
0.105113626,0.020042807,0.019186974,3083121244715281
0.14356333,0.013825886,-0.015278816,3083121254602976
0.05243373,0.03100206,0.053199768,3083121264521189
-0.06558484,-0.010319658,-0.026672363,3083121274408884
-0.08577752,-0.07111428,-0.042840004,3083121284296579
-0.02461344,-0.043333992,0.021395683,3083121294184275
-0.043641508,-0.009889267,-0.01895237,3083121304071970
-0.07207328,0.013812393,-0.029171944,3083121313959665
0.12522852,-0.010946579,0.029021263,3083121323877878
0.113628864,-0.02704364,0.0085401535,3083121333765574
-0.106274664,-0.01555796,-0.04809761,3083121343653269
-0.053271532,0.04447224,-0.022555351,3083121353540964
-0.14150488,0.028311715,0.016712189,3083121363428659
-0.007492602,0.013112195,0.038812637,3083121373346872
0.12539071,-0.022508055,0.001616478,3083121383234568
0.03452629,-0.006048426,-0.057314873,3083121393122263
0.16352612,-0.003673017,0.010735512,3083121403040476
0.05941081,-0.04820496,0.027040482,3083121412928171
-0.06807059,-0.013115637,-0.026342392,3083121422815867
0.02388221,0.016994663,0.024766922,3083121432703562
0.15142602,0.009107642,0.040938377,3083121442621775
-0.004324794,-1.2407452E-4,0.010903358,3083121452509470
-0.2415359,-0.013910525,-0.023371696,3083121462397165
-0.2645867,-0.012854166,0.017119408,3083121472315378
-0.1345889,0.014220253,0.053416252,3083121482172556
-0.0021777153,0.044062987,-0.07222366,3083121492090769
0.17305619,-0.011241637,0.04788208,3083121501978464
0.13190967,-0.030316569,-0.014101028,3083121511896677
0.06561983,0.03065636,-8.869171E-4,3083121521784372
0.05795914,-0.014234453,0.013289452,3083121531672068
0.14539987,0.038177542,-0.01157856,3083121541559763
0.06664872,-0.023273759,0.029878616,3083121551447458
0.04628533,0.026705079,0.008220673,3083121561365671
0.1979143,0.0014999658,0.02333641,3083121571253367
0.123746395,-0.02575183,0.04408741,3083121581141062
-0.26304144,-0.032687545,-0.07438469,3083121591028757
-0.2194559,-0.028596535,-0.016584396,3083121600916452
-0.0045488477,-0.032428972,0.025010109,3083121610834665
-0.026746154,0.0238467,-0.028227806,3083121620722361
0.06537628,-0.015918024,0.007710457,3083121630610056
0.14005697,0.010880925,-0.004058838,3083121640528269
0.12089032,-0.010065451,0.025452614,3083121650415964
0.06650406,-0.00969433,-0.023283005,3083121660303659
-0.022201955,0.0152346045,-0.047654152,3083121670191355
0.19624287,0.004700698,0.039048195,3083121680109568
0.20637834,-0.0069034323,0.028941154,3083121689997263
-0.15046072,-0.023366854,-0.016331673,3083121699884958
-0.35105896,0.007597506,-0.023162842,3083121709772654
-0.09422064,0.011317387,8.249283E-4,3083121719690867
0.121115744,0.018664494,0.025645256,3083121729548044
0.16168362,-0.037693553,-0.0135679245,3083121739466257
0.20973158,-0.002391953,-0.026223183,3083121749353952
0.20821744,0.02430622,0.0013828278,3083121759241648
-0.103806436,-2.5514513E-5,0.017933846,3083121769129343
-0.039319158,0.051124908,0.017686844,3083121779047556
-0.030506313,0.041088007,0.06800556,3083121788935251
-0.14466834,-0.006837141,-0.0061559677,3083121798853464
0.01140362,-0.03546299,-0.0013828278,3083121808741159
0.0863179,-0.016444635,-0.0013408661,3083121818628855
0.01818055,-0.041189432,-0.03304386,3083121828516550
-0.019105315,0.040422805,-0.0018634796,3083121838404245
-0.11501175,0.004180327,0.019351006,3083121848291941
-0.17566013,-0.0020767525,0.020133018,3083121858210154
-0.3528065,-0.0060980916,0.0044145584,3083121868097849
-0.42857385,0.0029549822,-0.012182236,3083121877985544
-0.16728556,-0.010120392,0.0080451965,3083121887873240
0.19244033,-0.0075318143,-0.019112587,3083121897791452
0.1447677,0.013735861,0.008349419,3083121907679148
-0.122297585,0.015617192,0.032910347,3083121917566843
-0.26199538,-0.013167761,-0.0041742325,3083121927485056
-0.13045806,0.018741712,-0.009988785,3083121937372751
0.117366016,-0.026457302,0.007863998,3083121947260447
0.15626013,-0.034678772,0.030115128,3083121957178659
-0.2166146,-0.028635785,-0.10571289,3083121967035837
-0.1587466,0.02626998,0.05502987,3083121976954050
-0.24057728,-0.007552363,-0.0152750015,3083121986841745
-0.23007661,0.017824896,0.037979126,3083121996729441
-0.059054613,-0.015078418,-0.052129745,3083122006647654
0.31548345,0.040980518,0.036995888,3083122016535349
0.1763885,-0.035710137,-0.023679733,3083122026423044
-0.17806423,-0.082985185,-0.023319244,3083122036310740
-0.3399657,-0.02886708,-0.0040864944,3083122046228952
-0.4545657,-0.024823591,0.0449152,3083122056086130
-0.18928778,0.0067604966,0.026939392,3083122066004343
-0.066322446,-0.02168163,-0.025647163,3083122075892038
0.18361562,0.025196645,0.009037018,3083122085779734
0.16432679,-0.029670995,-0.03639984,3083122095697947
0.18595362,-0.041110363,0.038960457,3083122105585642
-0.011839807,0.0075887293,-0.024336815,3083122115473337
0.02995354,-0.0037083402,0.07131863,3083122125361033
0.11789644,0.06372705,-0.0040655136,3083122135248728
0.12685168,-0.019681402,-0.010024071,3083122145166941
0.18590039,0.058174066,0.012709618,3083122155085154
-0.18149644,0.04702181,0.024551392,3083122164972849
-0.34996605,0.065227,-0.028159142,3083122174860544
-0.048055112,-0.05173762,0.08645153,3083122184748240
0.12272704,-0.07667356,-0.07735062,3083122194635935
0.32638168,-0.056783207,-0.0066108704,3083122204523630
0.23516709,-0.079003304,-0.016026497,3083122214411325
0.10404831,0.0056089014,-0.013503075,3083122224329538
-0.09796566,-0.01704358,-3.4713745E-4,3083122234217234
0.07475972,0.028346932,0.035363197,3083122244135447
0.13651693,0.05005788,0.08049679,3083122254023142
-0.060519874,-0.08771911,0.008475304,3083122263910837
-0.074662924,-0.047892384,-0.1015625,3083122273798533
0.32310212,-0.021415723,0.05750656,3083122283686228
0.20024645,-0.0030204244,0.0037250519,3083122293573923
0.05254495,0.03952199,-0.117539406,3083122303492136
0.09081137,0.018356968,-0.0048675537,3083122313379831
0.19500035,-0.0149092525,-0.020002365,3083122323267527
0.48114204,0.04087837,-0.007820129,3083122333155222
0.3640604,0.036969192,0.05945778,3083122343073435
-0.14688075,-0.019001035,-0.002749443,3083122352961130
-0.1788398,0.033429302,0.015159607,3083122362848825
-0.047254145,0.055469334,0.009167671,3083122372736521
0.034411788,0.047045223,-0.0075912476,3083122382654734
0.3013994,-0.0031687785,-0.0087480545,3083122392542429
0.3512879,-0.013994997,0.010438919,3083122402430124
0.16808325,0.017884474,0.040236473,3083122412317820
-0.11277884,0.0018758234,-0.03230667,3083122422236033
-0.20222753,-0.015944583,-0.016495705,3083122432123728
-0.06824726,0.023518411,0.004968643,3083122442011423
0.010174692,-0.056372263,0.0084524155,3083122451899118
0.09051865,-0.02774747,0.013053894,3083122461817331
0.15645552,0.04162468,0.023498535,3083122471705027
0.12552589,0.013155399,0.030162811,3083122481592722
-0.039138913,0.015453935,-0.029259682,3083122491480417
-0.24377072,-0.01414763,-0.009989738,3083122501398630
-0.111546814,-0.017151829,0.03138733,3083122511286325
-0.114578664,-0.0045551863,-0.009156227,3083122521174021
0.04594928,0.024354687,0.046351433,3083122531061716
0.17358285,0.008874048,0.0020141602,3083122540949411
-0.022885263,-0.016114416,-0.058095932,3083122550837107
-0.015264034,-0.052182548,0.007604599,3083122560755320
0.042229533,-0.009539362,0.008676529,3083122570643015
-0.049748957,-0.028648343,-8.497238E-4,3083122580530710
0.048255146,0.0149744,0.021570206,3083122590418406
0.045990586,0.036430433,0.01651764,3083122600306101
-0.076120734,0.013751574,-0.014346123,3083122610193796
0.034721434,0.02320725,0.044733047,3083122620112009
-0.29776537,-0.032509707,-0.030168533,3083122630030222
-0.42472947,-0.022574212,-0.014354706,3083122639917917
-0.17069876,0.06403182,0.0400362,3083122649805613
0.25256413,0.054748967,0.01935482,3083122659693308
0.3951059,-0.006777711,0.018981934,3083122669581003
0.28599942,-0.052231573,0.008002281,3083122679468699
-0.08966738,-0.032197233,-0.0286932,3083122689386911
-0.1757502,-0.026378693,-0.0059051514,3083122699274607
-0.074175596,-0.004025545,0.032977104,3083122709162302
-0.11287308,-0.025636038,-0.044163704,3083122719080515
-0.105577886,-0.005227918,-0.012879372,3083122728968210
-0.033584476,-0.004622275,0.0050201416,3083122738855906
0.14179099,-0.007504724,0.04382038,3083122748743601
0.19107437,-0.012072276,0.019557953,3083122758661814
0.041029632,-0.052325197,-0.052598,3083122768549509
0.07952756,0.01442899,0.002407074,3083122778437204
0.013599336,-0.0043836366,0.016490936,3083122788324900
-0.13188756,-0.0032688417,-0.035625458,3083122798212595
-0.0149229765,0.008379219,-0.025662422,3083122808130808
0.18862247,-0.0019889995,0.03012371,3083122818018503
0.30179942,0.006650798,0.031991005,3083122827906199
-0.053263843,-0.038407158,0.01727295,3083122837793894
-0.36143517,-0.021936286,0.012386322,3083122847681589
-0.30552846,-0.013555067,-0.015107155,3083122857599802
-0.10622823,-0.008474018,-0.017400742,3083122867487497
0.06994122,-0.016559942,0.0030021667,3083122877405710
0.01995647,-0.015999597,-0.031145096,3083122887293406
-0.091914415,0.03538073,-0.009381294,3083122897181101
-0.0017181635,0.037692245,0.043794632,3083122907068796
-0.023798764,-0.03337982,0.015978813,3083122916956492
0.059029996,-0.022401478,0.023869514,3083122926874704
0.06734604,-0.0021572784,-0.011919975,3083122936762400
-0.23328894,-0.057324313,-0.047071457,3083122946680613
-0.106449604,-0.02040394,0.02782917,3083122956568308
0.05847889,0.051414907,0.010843277,3083122966456003
0.013997912,0.03706499,0.035292625,3083122976343699
-0.06430173,-0.025731856,-0.011323929,3083122986231394
-0.15293837,0.012316778,0.006386757,3083122996149607
-0.15251112,0.0135621475,-0.052674294,3083123006037302
0.014035106,0.013111829,-0.030635834,3083123015924997
0.19500506,0.030799847,-0.005393982,3083123025812693
0.30268496,0.0059017297,0.05352211,3083123035700388
0.17580163,-0.0035196552,0.011388779,3083123045618601
0.044616163,-0.02858671,0.007669449,3083123055506296
-0.0135113,0.0018407116,0.0052423477,3083123065424509
0.106945395,0.0023220466,-0.010083199,3083123075312204
0.26257437,0.0134529695,0.025425911,3083123085199900
0.24682325,-4.2790407E-4,-0.0032777786,3083123095087595
0.037733853,-2.0796433E-4,0.028487206,3083123104975290
-0.030358851,-0.028695134,-0.0050849915,3083123114862986
-0.1710645,-0.012248948,-0.043992043,3083123124781199
-0.22356415,-0.0062776655,-0.04099369,3083123134668894
-0.11247343,0.026255338,0.0044927597,3083123144556589
0.0712682,0.02676601,0.038668633,3083123154444284
0.16936511,0.011769828,0.013348579,3083123164362497
0.34518272,-0.03623621,0.020133972,3083123174250193
0.07300997,-0.063991226,-0.029772758,3083123184137888
-0.16281682,-0.018479222,-0.04942608,3083123194056101
0.038722992,0.007962793,-0.019233704,3083123203943796
0.15206772,0.035555255,-0.025967598,3083123213831492
0.076919615,2.511145E-4,0.019246101,3083123223749704
-0.20598668,0.0018473247,-0.0151901245,3083123233637400
-0.07847756,0.0045381403,0.015640259,3083123243494577
-0.046462715,-0.029264865,-0.039963722,3083123253412790
0.16261339,0.0024049825,0.026712418,3083123263300486
0.30225086,0.0051759686,0.052248,3083123273188181
0.111476064,0.015647536,0.021922112,3083123283106394
0.118558705,0.0021940882,0.0191679,3083123292994089
-0.07293898,-0.030957859,-0.035303116,3083123302881784
-0.18554014,0.0014194236,-0.014660835,3083123312799997
-0.19982082,0.05220548,0.037438393,3083123322687693
-0.13648278,0.027533505,0.0038671494,3083123332575388
-0.2785654,-0.0042476687,-0.015072823,3083123342463083
-0.26687998,0.010599432,0.006381035,3083123352350779
-0.06989372,-0.0016227661,0.012189865,3083123362238474
-0.06326985,-0.006567271,0.023778915,3083123372156687
-0.18491817,-8.3505874E-4,-0.002497673,3083123382044382
-0.059326887,-0.0022456858,0.030504227,3083123391932077
-0.23249972,0.002063503,-0.010101318,3083123401850290
-0.50072324,-0.017227417,-0.01597023,3083123411737986
-0.26036853,-0.019242162,0.019536018,3083123421625681
0.14386022,-0.025495175,0.021586418,3083123431513376
0.2867356,-0.015087304,0.0071372986,3083123441431589
0.0923146,0.004481244,-0.0047369003,3083123451319284
0.029437184,-0.010364442,0.024772644,3083123461206980
-0.1996392,0.005686924,-0.015644073,3083123471094675
-0.14201337,-0.014860233,0.029335022,3083123481012888
0.0074812174,-0.023019806,-0.01823616,3083123490870066
0.13882512,-0.0049411296,-0.01438427,3083123500788279
0.10939884,0.031702295,0.023535728,3083123510675974
0.10811138,0.012305303,0.04665184,3083123520563669
-0.12795782,-0.023442164,-0.016588211,3083123530481882
-0.16441178,-0.014130965,-0.0058088303,3083123540369577
-0.30801857,-0.026083391,-0.09404755,3083123550257273
-0.237266,0.029831942,-0.004173279,3083123560144968
0.08303648,0.013556995,0.021888733,3083123570063181
0.34021294,-0.046080675,0.042811394,3083123579920359
0.25769866,-0.013392741,-0.0109939575,3083123589838572
0.15072739,0.01300402,-0.0014925003,3083123599726267
-0.03364849,0.017796053,0.072402,3083123609644480
-0.25443637,-0.02063633,-0.027030945,3083123619532175
-0.08111948,-0.008910697,0.007545471,3083123629419870
0.12962788,-0.026915008,0.018176079,3083123639307566
0.10218352,-0.04493333,-0.029725075,3083123649225779
-0.14445144,-0.05713511,-0.071665764,3083123659113474
-0.124498904,-0.024917247,0.007217407,3083123669001169
0.2891454,0.03882228,0.06951809,3083123678919382
0.019525766,0.04212402,-0.0058631897,3083123688776560
0.101171136,0.009770859,-0.010591507,3083123698664255
0.29832464,-0.018472232,-0.0022382736,3083123708551950
0.116075456,0.0066800155,-0.0022249222,3083123718470163
0.118261635,-0.01576335,-0.01986599,3083123728357859
0.17962682,0.022058178,-0.0031147003,3083123738276072
0.18179816,0.029778592,0.002793312,3083123748163767
-0.121822715,0.007987399,-0.010170937,3083123758081980
-0.100625634,0.03717237,0.024189949,3083123767969675
0.16881406,0.010347698,0.01088047,3083123777857370
0.22021586,0.014512356,-0.009303093,3083123787745066
0.23270428,0.018666986,0.043766975,3083123797632761
-0.016576469,-0.0035386868,0.029974937,3083123807520456
-0.12552363,0.036484238,-0.010707855,3083123817408152
-0.099705935,0.02511406,-0.002453804,3083123827326365
-0.34078735,-0.02829713,-0.06964493,3083123837214060
-0.17352349,0.018651605,0.010362625,3083123847101755
-0.09754783,0.041815817,0.016158104,3083123857019968
0.06582451,0.059834857,0.04064846,3083123866907663
0.15182412,0.028831512,0.0705843,3083123876795359
-0.16295797,0.053007778,-0.01657772,3083123886713572
-0.1778611,0.022459187,0.025996208,3083123896601267
-0.1384852,-0.013407651,-0.01923275,3083123906488962
-0.27324104,-0.0651786,-0.05308819,3083123916376658
-0.08377361,-0.06256777,-0.045084953,3083123926264353
0.32032192,-0.008787651,0.020620346,3083123936152048
0.33786464,6.251484E-4,-0.02453518,3083123946039743
0.3453163,0.026788522,0.0187397,3083123955957956
0.23049557,0.050365962,0.064190865,3083123965845652
-0.13231415,0.036302477,0.028154373,3083123975733347
-0.4870261,0.04316755,0.0028905869,3083123985651560
-0.3836317,-0.016038641,-0.0044050217,3083123995539255
-0.19857562,0.05142734,0.005060196,3083124005457468
-0.38344944,-0.009233147,-0.018893242,3083124015345163
-0.13406777,0.05197669,0.021755219,3083124025232859
-0.028909624,0.01780745,-0.027251244,3083124035120554
-0.036691844,-0.03403359,0.0026464462,3083124045008249
0.017036557,-0.0353556,-0.011766434,3083124054926462
-0.052542448,-0.03270268,-0.030893326,3083124064783640
0.16549069,-0.027335372,0.031236649,3083124074701853
0.21131861,-0.023035713,-0.0035181046,3083124084589548
0.12888753,-0.025738921,0.020275116,3083124094477243
0.0645138,0.042182215,-0.012107849,3083124104395456
-0.06486118,0.028570674,-0.0061655045,3083124114283152
0.016891241,-0.019608624,-0.040797234,3083124124170847
0.4262603,0.054337967,0.034555435,3083124134089060
0.16405404,-0.0012218282,0.020112038,3083124143976755
-0.029264688,-0.019099757,-0.003923416,3083124153864450
0.021974087,-0.001186464,-0.020759583,3083124163782663
0.06628424,-0.016472265,0.009057999,3083124173670359
0.033311903,0.017302148,-0.023237228,3083124183527536
-0.006593406,0.07252142,-0.012478828,3083124193445749
0.0995546,0.045317437,0.029288292,3083124203333445
0.21522158,0.007080674,0.03110981,3083124213221140
0.104892075,-0.039147135,-0.034176826,3083124223139353
-0.057896376,0.0026569776,0.001698494,3083124233027048
-0.1313898,0.047298677,0.042803764,3083124242914743
-0.2613567,-0.032839645,-0.014526367,3083124252802439
-0.3181498,-0.05604859,-0.06379795,3083124262720652
0.08068353,0.027975235,-0.010818481,3083124272608347
0.17672485,0.06611784,0.030779839,3083124282496042
0.47628146,0.054806806,0.10105133,3083124292383738
0.23422652,0.028581668,0.021662712,3083124302271433
-0.37473232,-0.030240849,-0.039406776,3083124312189646
-0.248779,-0.043405388,-0.025113106,3083124322077341
-0.05563301,-0.017613161,-0.04902363,3083124331995554
-0.1657514,0.02780126,-0.0322361,3083124341883249
-0.045138538,0.06122065,0.028695107,3083124351770945
0.13406044,0.003324598,-0.0024824142,3083124361689158
-0.18098092,-0.009258173,-0.06826019,3083124371546335
-0.13010538,-0.066681646,-0.04190731,3083124381434031
0.25308007,-0.06236059,0.0059890747,3083124391352243
0.12212211,0.007829759,-0.0082798,3083124401239939
-0.055262685,0.040854547,0.0013952255,3083124411127634
-0.21287388,0.073728204,0.033712387,3083124421015329
-0.43349916,0.016548019,-0.024864197,3083124430903025
-0.4290704,0.03941892,-0.033143997,3083124440821238
-0.11364871,0.048126075,0.04699421,3083124450708933
0.38792336,0.026750006,0.024211884,3083124460627146
0.24837393,0.012239326,0.0025749207,3083124470514841
0.10855955,-0.0144224465,-0.041706085,3083124480402536
0.04089284,-0.051599912,-0.03448963,3083124490290232
0.05897218,-0.058564432,-0.015232086,3083124500208445
0.1570667,0.022902258,-0.049696922,3083124510096140
0.2936144,0.05668443,0.034172058,3083124519983835
0.24613011,0.047343496,0.05805397,3083124529871531
-0.035655677,0.07212472,0.062576294,3083124539759226
-0.38964838,0.028251756,-0.04530716,3083124549646921
-0.033268034,8.405E-5,0.048880577,3083124559565134
0.14794964,-0.008638933,0.017516136,3083124569452829
-0.053592145,0.017104946,-0.0018110275,3083124579340525
-0.09661555,0.022397615,-0.018722534,3083124589228220
0.027216852,0.07670312,-9.3746185E-4,3083124599146433
0.072731316,0.06743455,0.022791862,3083124609034128
0.110100865,0.038633898,0.06315422,3083124618921824
0.06989181,-0.03414058,-0.012494087,3083124628809519
0.04266703,-0.04395883,-0.10351467,3083124638697214
0.13289762,-0.07691659,3.7002563E-4,3083124648615427
-0.13071239,-0.007430721,-0.032040596,3083124658503122
-0.36980772,0.042255417,0.018091202,3083124668390818
-0.16828585,0.07525584,0.032315254,3083124678278513
-0.1150803,-8.876771E-4,-0.036564827,3083124688196726
-0.05661428,-0.006257601,0.039377213,3083124698053904
-0.20350158,0.0755634,-0.010684013,3083124707972117
-0.12035078,-0.004343748,0.022471428,3083124717859812
-0.36157757,-0.06183765,-0.012065887,3083124727778025
-0.25893503,-0.038616717,-0.055034637,3083124737665720
0.13901359,-0.012320459,-0.014221191,3083124747553415
0.36443102,-0.027516166,0.040870667,3083124757471628
0.11460626,0.024016911,0.015713692,3083124767359324
0.09354365,0.02091858,0.05660534,3083124777247019
0.02999556,-0.048670884,-0.07391548,3083124787134714
0.24006289,-0.04271446,-0.07979393,3083124797022409
0.2800488,-0.0075880866,-0.0065612793,3083124806910105
0.11265993,-0.009086926,-0.013292313,3083124816828318
-0.012904525,0.0035507753,-0.004630089,3083124826716013
0.01729554,0.076999016,0.0650568,3083124836603708
-0.34894133,-0.0021043215,-0.059178352,3083124846491404
-0.10992563,0.0083268415,7.8487396E-4,3083124856409617
0.24616086,-0.025174182,0.064208984,3083124866297312
0.16266388,-0.061226904,-0.023024559,3083124876185007
0.09544557,0.05933507,0.010536194,3083124886072702
0.058157444,0.06871917,-0.0025548935,3083124895960398
0.029860795,0.045468308,-0.029984474,3083124905848093
0.15587056,-0.008812156,-0.049451828,3083124915766306
0.41038525,-0.050833106,-0.0074424744,3083124925654001
0.47026467,-0.0029452015,0.028544426,3083124935541697
0.17973602,0.044540614,0.033343315,3083124945459909
0.16913718,0.010091066,-0.034772873,3083124955347605
0.2924391,-0.013689952,0.022659302,3083124965235300
0.32005394,-0.003915651,0.051278114,3083124975153513
0.23411208,-0.005080851,0.0044002533,3083124985041208
0.13103306,-0.026481625,0.01229763,3083124994928904
0.016525626,-0.012183102,0.0023479462,3083125004816599
-0.45868868,0.0010555591,-0.049283028,3083125014704294
-0.22201538,0.02313359,-0.026621819,3083125024622507
0.047178745,0.04419381,0.008004189,3083125034510202
0.04631424,0.032887295,-0.0064496994,3083125044397898
-0.07601565,0.009505324,-0.029229164,3083125054285593
-0.15753245,4.6651438E-4,0.026855469,3083125064203806
-0.33136052,0.012853849,0.006339073,3083125074091501
-0.36233175,0.048931763,0.009753227,3083125083979197
-0.20597142,0.043001465,0.020326614,3083125093866892
-0.2082619,0.03810161,0.0117406845,3083125103754587
0.024803102,-0.09002476,-0.021912575,3083125113642283
-0.051062346,-0.042077485,-0.060178757,3083125123560495
-0.16079181,0.03266707,-0.00628376,3083125133448191
-0.17145103,0.08354324,0.03434086,3083125143335886
-0.36765498,0.021727704,-0.024276733,3083125153254099
-0.1994741,0.032943893,-0.028999329,3083125163141794
0.01957953,0.014474851,-0.019306183,3083125173060007
0.119220614,0.015216866,0.009501457,3083125182947702
-0.0027653575,0.019396937,0.0083351135,3083125192835398
-0.08453065,0.041290026,0.011871338,3083125202723093
0.03400445,0.04207516,-0.023745537,3083125212610788
-0.14226073,0.02383225,-0.01522541,3083125222529001
-0.11153561,0.08469824,-0.033873558,3083125232416697
0.10890609,0.045624323,0.013794899,3083125242304392
0.27612972,0.029003348,0.08186245,3083125252222605
-0.20584673,0.02576494,-0.011408806,3083125262110300
-0.26256222,-0.009468074,-0.004333496,3083125271997995
-0.22232741,-0.07680456,-0.05149746,3083125281916208
0.03860584,-0.03320305,0.0069475174,3083125291803904
0.23722613,-0.09358193,-0.007378578,3083125301691599
0.07334095,-0.06456204,-0.06735611,3083125311609812
0.08280429,-0.011808813,-0.01444149,3083125321497507
0.033656865,-0.019486029,0.011734009,3083125331354685
-0.17394462,0.03404527,0.022125244,3083125341272898
-0.24296355,0.037003487,0.0016860962,3083125351160593
-0.0031364262,0.02450825,-0.0113687515,3083125361078806
0.17972091,-5.446058E-4,-0.034798622,3083125370966501
0.48552915,0.0041885916,-0.0072155,3083125380854197
0.23589858,-0.022390611,0.016563416,3083125390741892
0.08310574,-0.03284704,-0.035661697,3083125400629587
0.15468112,-0.022724388,0.011898994,3083125410517283
0.14616987,-0.0315504,-0.026018143,3083125420435495
-0.12487462,-0.018961245,-0.04683304,3083125430323191
-0.20550308,-0.0038730279,0.00805378,3083125440241404
-0.17004716,-6.6621415E-4,0.020855904,3083125450129099
-0.114471674,0.02824726,-0.01949501,3083125460016794
-0.22705749,0.04548377,-0.033750534,3083125469904490
0.061344564,0.03427345,0.009391785,3083125479792185
0.30583313,0.040793557,0.064370155,3083125489679880
0.39438614,-0.009548098,-0.0038404465,3083125499598093
0.11981702,-0.013374735,0.025967598,3083125509485788
0.007566482,7.2234496E-4,0.043745995,3083125519373484
-0.12243977,-0.013904817,-0.01710987,3083125529291697
-0.082589895,-0.023869518,-0.017190933,3083125539179392
-0.04799536,-0.0059030615,0.0100364685,3083125549067087
-0.12803757,-0.05036322,-0.040875435,3083125558985300
-0.111359,-0.0128366165,-0.048041344,3083125568872995
0.0052696764,0.0069858767,-0.016895294,3083125578760691
0.00848642,-0.016977616,-0.02837944,3083125588648386
-0.091247946,0.0019523539,0.014517784,3083125598536081
0.08476555,0.03827424,0.05081272,3083125608423777
-0.08022568,0.04421279,0.053491592,3083125618341990
-0.22574359,0.059097603,0.0030908585,3083125628229685
0.09196636,0.038347833,0.025316238,3083125638117380
0.28815606,0.08125591,0.044787407,3083125648035593
0.24996248,0.07691179,0.06385517,3083125657923288
-0.12339431,-0.0153018795,0.0071144104,3083125667810984
-0.49427456,-0.13171357,-0.05902958,3083125677698679
-0.63403034,-0.12657471,-0.10225201,3083125687586374
-0.4673941,-0.065301694,-0.047234535,3083125697474070
-0.093734145,-0.03308773,-0.050689697,3083125707392283
0.081149936,0.036436133,-0.018231392,3083125717279978
0.17259538,0.03758151,-0.012094498,3083125727167673
0.31540632,3.3728033E-4,-0.0047807693,3083125737085886
0.09190285,-0.011580154,-0.015431404,3083125746973581
-0.034041703,0.019714467,0.027659416,3083125756861277
-0.015864164,0.042361513,-0.028481483,3083125766779490
0.010383517,0.01690203,-0.014082909,3083125776667185
0.17820159,0.04998924,0.07071781,3083125786554880
0.028342187,0.019230612,0.057304382,3083125796473093
-0.121524364,-0.044385962,-0.039754868,3083125806360788
-0.34957454,-0.06728829,-0.073293686,3083125816248484
-0.29248282,-0.048872605,-0.049336433,3083125826136179
-6.008744E-4,-0.0012392625,0.028422356,3083125836023874
-0.02221933,-0.040916942,-0.01695919,3083125845942087
-0.08021799,-0.0468299,-0.07176113,3083125855799265
0.1689173,0.008693993,0.025265694,3083125865717478
0.23008627,0.056914292,0.032500267,3083125875605173
0.062423736,0.08908469,0.042028427,3083125885492868
-0.031814456,0.05848352,0.016776085,3083125895411081
-0.14866239,-0.017934345,0.02135086,3083125905298777
-0.27153176,-0.05830229,-0.03861332,3083125915186472
-0.060012132,-0.09583544,-0.08760071,3083125925074167
0.008404762,-0.010604113,-0.07556248,3083125934961863
0.016448706,0.004364699,-0.009509087,3083125944880075
0.046721905,0.05790454,0.04131031,3083125954767771
0.06517404,-0.006448321,0.015943527,3083125964655466
0.07031676,-0.0064342394,-0.020773888,3083125974543161
-0.03789559,0.02551622,-0.0027179718,3083125984461374
0.16697991,0.024114974,0.044436455,3083125994349070
0.36131513,0.035335355,0.06250286,3083126004236765
0.1537627,0.0044881552,0.014284134,3083126014124460
-0.07165462,-0.023874998,-0.04141426,3083126024042673
-0.11051908,-0.01855614,-0.036128044,3083126033930368
-0.15367806,0.0142017305,-0.0025978088,3083126043818064
-0.18617004,0.03583508,-0.008444786,3083126053705759
-0.14549619,-0.021855272,-0.05420971,3083126063593454
0.08096379,-0.012450106,0.016188622,3083126073511667
0.10647732,0.022810899,-0.03699684,3083126083399363
0.13515547,-0.0049546733,0.0037136078,3083126093287058
0.02973044,-0.0017402098,0.026046753,3083126103205271
-0.041633666,-0.009170219,-0.01556015,3083126113092966
-0.120286286,-0.027978487,0.0059080124,3083126123011179
-0.1155664,0.023044378,0.0023059845,3083126132898874
0.056532174,0.017865665,0.001121521,3083126142786570
0.01912877,0.046797305,0.027000427,3083126152674265
-0.05114019,0.0042080954,0.008864403,3083126162561960
-0.07412341,-0.01316084,-7.390976E-4,3083126172449656
0.03480196,0.035683937,0.047524452,3083126182337351
-0.059543163,0.017429225,0.036076546,3083126192255564
-0.4213314,-0.044486895,-0.061184883,3083126202143259
-0.39642304,-0.034326367,-0.07204723,3083126212030954
0.08695677,0.028118335,0.048051834,3083126221949167
0.046009153,0.0024596006,0.020215988,3083126231836863
-0.23925793,-0.034856528,-0.009568214,3083126241724558
-0.17679247,0.018894367,0.008225441,3083126251612253
-0.11055711,0.06224291,0.022193909,3083126261530466
-0.05887708,0.0010973364,-0.03002739,3083126271418161
0.09120163,-0.04727713,0.011590004,3083126281305857
0.19279283,-0.0239041,0.016037941,3083126291224070
0.028330952,-0.014719427,0.009794235,3083126301081247
-0.15661284,-0.019848585,-0.043441772,3083126310999460
-0.090934336,-0.030683748,-0.02631569,3083126320887156
0.045823783,0.029607393,-2.0980835E-5,3083126330805368
0.105644435,-0.013569035,-0.005923271,3083126340662546
0.021794826,0.0028934777,0.016521454,3083126350580759
-0.06406084,-0.017399885,0.01034832,3083126360498972
-0.021526575,-0.018731773,0.007813454,3083126370356150
0.060884714,-0.014260702,-0.024076462,3083126380274363
0.21350226,0.04439827,-0.013053894,3083126390162058
0.22059062,0.012762204,-0.0045986176,3083126400049753
0.19431841,-0.027587235,0.0036764145,3083126409937449
0.01345405,-0.010656312,0.016509056,3083126419825144
-0.03864789,-0.030707039,-0.020300865,3083126429712839
0.116957694,0.0037261024,-0.01527977,3083126439631052
0.41644025,0.0012745261,0.008513451,3083126449518747
0.45853472,0.012886472,-0.008084297,3083126459406443
0.18484968,0.008931853,0.008528709,3083126469294138
0.03418961,0.019242018,0.0036449432,3083126479212351
-0.0098287165,0.02839695,1.9073486E-6,3083126489100046
-0.077079326,-0.03563211,-0.036527634,3083126499018259
-0.24247867,0.022582173,-0.0052776337,3083126508905954
-0.011521667,0.016327493,0.007821083,3083126518793650
0.09707618,0.01592607,-0.002855301,3083126528681345
0.17819497,0.02250664,0.024298668,3083126538569040
0.029952735,-0.0018596649,0.0027341843,3083126548456736
-0.12596348,-0.0036837608,-0.04674244,3083126558374949
-0.043120593,-0.018434279,-0.016510963,3083126568262644
-0.05913958,-0.035398528,-0.018520355,3083126578150339
-0.103066504,-0.016673893,-0.03809452,3083126588038034
-0.035133958,-5.49756E-4,-0.026717186,3083126597956247
0.08185044,0.023804717,0.053875923,3083126607843943
-0.04480228,-0.0262497,0.028290749,3083126617731638
-0.09058586,-0.029674165,-0.0028123856,3083126627649851
-0.10253793,0.004642546,0.019579887,3083126637537546
-0.119601935,-0.04634574,-0.022000313,3083126647425242
-0.17058244,-0.014011189,-0.014616013,3083126657312937
-0.1316491,0.02616135,-0.010879517,3083126667200632
-0.100339144,0.015092552,0.011636734,3083126677118845
0.06127903,-0.008853242,0.02080822,3083126687006540
0.14953485,-0.03140509,-0.0019340515,3083126696894236
-0.103221744,-0.032590754,0.003965378,3083126706812449
-0.17842323,-8.6423755E-4,-0.03139782,3083126716700144
0.021793693,0.008013867,-0.004948616,3083126726587839
0.18005174,-0.018530518,0.005744934,3083126736506052
-0.028941393,-0.0045284033,-0.0025844574,3083126746393747
-0.04074782,-0.035430647,-0.02492237,3083126756250925
0.034314662,-0.022277847,-0.006917,3083126766169138
-0.1665451,-0.003288731,-0.016301155,3083126776056833
-0.14604148,0.012102187,-0.00789547,3083126785975046
-0.03772986,0.03308592,0.00508976,3083126795832224
0.020819634,0.02293104,-0.011590004,3083126805750437
0.062134743,0.008124873,0.017929077,3083126815638132
-0.111621976,-0.018302321,-0.035456657,3083126825525827
-0.09443042,-0.04435841,-0.0055179596,3083126835413523
0.0016309023,-0.0039907023,-0.014904022,3083126845331736
0.019804358,-5.991757E-4,0.018289566,3083126855219431
0.15650174,0.041599758,0.0061883926,3083126865107126
0.33930922,0.040724427,0.0060167313,3083126874994822
0.02788049,-0.015402257,0.008119583,3083126884913034
-0.3080629,-0.040289104,-0.04987526,3083126894800730
-0.30952275,-0.033199027,-0.044480324,3083126904688425
-0.13806915,0.021097936,0.0044174194,3083126914576120
-0.036026925,0.02750893,0.001914978,3083126924494333
-0.09943941,0.046656355,0.040662766,3083126934382029
-0.071585655,0.014541209,-0.016553879,3083126944269724
0.07496965,-0.0929203,-0.03629875,3083126954187937
0.19317383,-0.011305727,-0.025065422,3083126964075632
0.24667913,0.019812368,0.0024662018,3083126973993845
0.18573439,0.062463023,0.018933296,3083126983881540
0.13737345,0.019821934,0.01153183,3083126993769236
-0.08366346,-0.025681987,-0.018130302,3083127003656931
-0.060846746,-0.069251165,-0.034366608,3083127013544626
-0.0135088265,-0.04989402,-0.022022247,3083127023432322
0.04820752,-0.020258687,-0.029851913,3083127033320017
-0.056734443,0.0066518933,-0.013979912,3083127043238230
-0.061472893,0.007187009,0.016935349,3083127053125925
0.09067127,-0.0041271076,0.014391899,3083127063013620
0.07043043,-0.009421892,0.008303642,3083127072901316
0.20410514,-0.012387693,-0.011805534,3083127082789011
0.11569056,-0.011795871,0.008413315,3083127092707224
-0.0608145,-3.9521605E-4,-0.008180618,3083127102594919
-0.059863746,-0.0055271685,-0.03388977,3083127112482615
-0.088077605,-0.023482658,-0.03559208,3083127122370310
0.03547001,-0.013945185,0.022787094,3083127132258005
-0.018718123,-0.019926563,-0.0080804825,3083127142176218
-0.080984265,0.004698269,0.005109787,3083127152063913
-0.024800211,0.011375509,-0.01490593,3083127161982126
0.017269194,-0.007847063,0.044220924,3083127171869822
0.034624457,-0.025639348,-0.009477615,3083127181757517
0.073088825,-0.014934458,-0.0069675446,3083127191645212
0.017695814,-0.0065930933,0.05318451,3083127201532908
-0.11744851,-0.0020317733,0.0017175674,3083127211420603
-0.17505407,0.039915465,-0.0018177032,3083127221338816
-0.15060535,0.015303254,0.004085541,3083127231226511
0.04400018,-0.0041238293,-0.008983612,3083127241144724
-0.028444856,-0.041974165,-0.005340576,3083127251032419
-0.1983152,-0.039156973,-0.03468609,3083127260920115
-0.013893962,0.011946648,0.008273125,3083127270807810
0.14969316,0.013988212,0.024621964,3083127280695505
0.19544393,0.0039689913,-0.012273788,3083127290583200
0.16091451,-0.0071434155,0.00439167,3083127300470896
0.015467137,-0.0144974515,-0.0074739456,3083127310389109
-0.08068177,-0.008704074,-0.020318985,3083127320276804
0.19100034,-0.0052299127,0.005935669,3083127330164499
0.29233575,-0.03124483,0.0117788315,3083127340052195
0.13016853,-0.020324968,-0.013049126,3083127349939890
-0.028339237,-1.7954409E-4,0.004904747,3083127359858103
-0.032162577,-0.012250371,-0.012738228,3083127369745798
-0.039423853,-0.0053717196,-0.0018482208,3083127379633493
-0.018906504,-0.0151006505,0.033596992,3083127389521189
0.011132151,-0.0057845563,-0.05275345,3083127399469919
-0.03916037,0.0046806335,-0.03172779,3083127409357615
-0.08280894,0.009422131,0.004201889,3083127419245310
-0.54473567,0.047123417,0.028870583,3083127429133005
-0.42622027,0.072230265,0.0153923035,3083127439020700
0.1687505,-0.024472296,0.08093834,3083127448908396
0.430548,-0.13353854,-0.016097069,3083127458796091
0.42410955,-0.07049678,-0.024478912,3083127468714304
-0.04938531,-0.0060954243,0.008993149,3083127478601999
-0.025280684,-0.01096189,-0.028048515,3083127488489695
0.016975075,0.004562095,0.007835388,3083127498407908
-0.0076805055,-2.5993586E-4,0.008984566,3083127508295603
-0.021784574,-0.01695253,-0.022081375,3083127518183298
-0.033997834,-0.02048017,-0.019639015,3083127528101511
0.0022179484,-1.9839406E-4,-0.021927834,3083127537989206
-0.01203227,0.0034325868,-0.003929138,3083127547876902
-0.0073708296,-0.024993137,0.006877899,3083127557795115
-0.0044200122,-0.009171724,0.00335598,3083127567682810
0.00793463,-5.776882E-4,0.015374184,3083127577570505
0.0077832937,0.007841989,-0.008392334,3083127587458200
-0.007820368,0.0019597858,-0.0011806488,3083127597345896
-0.027520776,-3.1596422E-4,0.007068634,3083127607233591
-0.011699408,0.0045080185,-0.071917534,3083127617151804
-0.009785026,-0.01568655,0.021057129,3083127627039499
-0.032242328,-0.038412787,0.02889824,3083127636927195
-0.007213354,-0.014979467,-0.0022525787,3083127646845408
-0.0046842396,-0.016510025,0.06245613,3083127656733103
-4.5657158E-5,-0.004256971,-0.0045728683,3083127666620798
-0.0031715035,-0.008143596,0.02256012,3083127676539011
-0.03754422,-0.026669554,-0.008415222,3083127686426706
-0.028710127,-0.020679057,0.04474449,3083127696314402
-0.0033314228,0.009498946,0.035858154,3083127706232615
-0.022907436,-0.015361801,9.8228455E-5,3083127716120310
-0.03129217,0.0010664538,0.013230324,3083127726008005
-0.018167883,-0.015027478,0.027365685,3083127735865183
-0.026136696,-0.013636708,-0.05402851,3083127745783396
0.023701042,0.004537903,-0.058743477,3083127755671091
0.015160441,0.002214849,0.037804604,3083127765589304
0.03905016,-0.0020112246,-0.0015354156,3083127775476999
0.029430807,-0.011022985,-0.02141571,3083127785364695
-0.4024998,-0.003140211,-0.012787819,3083127795252390
-0.7218519,0.079181135,-0.11386013,3083127805140085
-0.2104607,0.05000256,0.04330921,3083127815027781
-0.22125748,0.008306265,0.07893467,3083127824915476
-0.25864404,-0.001627773,0.050391197,3083127834833689
