5.069971E-4,-0.012421928,0.0020656586,3144308690074023
-0.014934599,-0.002793815,0.07490921,3144308699961718
6.4349174E-4,-0.0074895173,0.08542156,3144308709849414
0.006714225,0.013768885,0.038313866,3144308719737109
-0.008037269,0.018171325,0.069859505,3144308729624804
0.024715364,5.4463744E-6,0.18467712,3144308739512500
0.008189023,-0.0053121634,0.10154629,3144308749430713
0.004107237,-0.011766329,-0.070243835,3144308759318408
-0.107665,-0.08177777,-0.91462517,3144308769206103
-0.12704718,-0.12343307,-2.4964561,3144308779093799
0.20958257,0.25562277,2.6251564,3144308789012011
0.08053672,-0.08008775,0.97569656,3144308798869189
0.054049015,-0.025769457,-0.47837067,3144308808787402
-0.08767581,0.014715537,-0.24939537,3144308818675097
0.011474371,-0.0032899594,0.21617794,3144308828593310
0.032570243,-0.012132675,-0.038534164,3144308838481006
-0.0020788908,0.012817227,0.019013405,3144308848368701
0.005977869,0.002108493,0.044071198,3144308858286914
0.029844046,-2.8275885E-4,0.012926102,3144308868174609
0.011904001,8.663321E-4,0.029600143,3144308878062304
-0.013576627,0.012718519,0.067772865,3144308887950000
-0.024556994,0.013708241,0.012858391,3144308897837695
-0.014328003,-0.015085083,-0.04071331,3144308907725390
0.005693674,-0.026947327,-0.064455986,3144308917613086
0.013607502,-0.004105704,-0.04182911,3144308927500781
-0.006249547,-0.019507833,-0.017127037,3144308937418994
0.008915424,-0.010852211,0.016898155,3144308947306689
0.042727113,0.0012861518,0.21315575,3144308957194384
0.0029337406,0.015700469,-0.1750536,3144308967112597
0.0062173605,-0.024182204,0.11955452,3144308977000293
0.018007636,-0.0044925846,0.122327805,3144308986887988
0.01764369,-0.0045455415,0.052653313,3144308996775683
-0.022203684,0.014672739,0.025242805,3144309006693896
0.00793004,0.012195531,0.028999329,3144309016581592
0.014254808,-0.0023258515,-0.024575233,3144309026469287
0.015014768,-0.0048342478,-0.014775276,3144309036356982
0.021009922,-0.020119233,-0.0026721954,3144309046244677
0.025443673,-0.009248985,0.005601883,3144309056132373
0.0022047758,0.013218429,0.027797699,3144309066050586
-0.004101157,-0.018753588,0.023702621,3144309075938281
0.019872189,-0.02072047,0.039756775,3144309085825976
0.0065199137,8.4169954E-4,-9.2983246E-4,3144309095713672
0.0063147545,-0.00860252,-0.009140968,3144309105631884
-0.008852124,-0.015525728,0.038067818,3144309115550097
-0.015384197,-0.004504632,0.03857422,3144309125437793
0.0073167086,-0.011256106,0.01673603,3144309135325488
6.5755844E-4,-0.012180094,0.020056725,3144309145243701
0.0023399591,0.013800524,0.014047623,3144309155100879
0.021972299,-0.011331763,-0.02355671,3144309164958056
-0.0117685795,-0.004220959,-0.0040044785,3144309174876269
-0.005552888,0.008774864,-0.035479546,3144309184733447
0.0050088167,0.006325124,-0.028841972,3144309194651660
0.010734916,0.016905388,-0.005996704,3144309204569873
-0.0012037754,-0.012703866,-0.018981934,3144309214488086
-0.013310313,-0.001809502,0.014070511,3144309224375781
-0.0074669123,-5.287435E-4,0.008887291,3144309234263476
0.002690792,-0.0051874295,0.017957687,3144309244181689
0.010365725,0.0032397658,0.0068569183,3144309254069384
0.011102319,0.009169789,-0.027643204,3144309263957080
-0.019726038,-0.012126863,0.0031642914,3144309273844775
0.028145313,-4.746113E-4,0.20409489,3144309283762988
-0.038715005,-0.006806884,-0.20236492,3144309293650683
0.004284978,-8.525308E-4,0.18776894,3144309303507861
-0.01946807,-0.0025617164,-0.16064644,3144309313365039
0.016155005,0.0013544988,0.09707832,3144309323283252
-0.0029129982,0.009938262,-0.039245605,3144309333170947
-0.016975999,0.00885394,0.051535606,3144309343058642
-0.009582758,-0.005931059,-0.025050163,3144309352976855
-0.014232159,-0.009383801,0.091646194,3144309362895068
-0.004304886,-0.00713457,-0.005376816,3144309372782763
0.0031542778,0.0030493718,0.007499695,3144309382700976
0.021802425,0.0029888935,0.06376839,3144309392588672
0.0074163675,-0.0015648752,-0.032658577,3144309402445849
0.014588118,-0.0050291847,-0.03332615,3144309412364062
0.013078451,-0.0024813022,-0.022295952,3144309422251758
0.011076808,-0.008185079,0.020274162,3144309432139453
-0.014908552,-0.008341996,0.03733158,3144309442057666
-0.008900881,-6.6840835E-4,-0.037822723,3144309451914843
0.00922358,-0.0045213476,0.10967064,3144309461833056
0.008240223,-0.006717449,-0.014615059,3144309471751269
-0.006370187,0.016926005,-0.016691208,3144309481638965
0.009161115,0.008328544,0.023591042,3144309491496142
0.020917654,-0.015455032,-0.02154541,3144309501414355
0.029257417,-0.013974059,-0.014165878,3144309511302051
0.009774327,0.006314479,0.008316994,3144309521220263
0.009821296,0.035602808,0.04452133,3144309531107959
-0.009630442,0.007560998,-0.062371254,3144309540995654
0.002398789,0.015205525,0.053777695,3144309550883349
-0.011912048,0.04174077,-0.0026741028,3144309560771045
0.00454396,-0.0028709304,-0.013463974,3144309570689258
0.009076238,-0.030124811,0.060688972,3144309580576953
-0.024096131,-0.0037651341,0.05367756,3144309590464648
-0.007776439,0.0033121388,0.018706322,3144309600352343
0.007317364,0.004339546,0.012659073,3144309610240039
-0.0066239834,-0.005323278,-0.016758919,3144309620158252
0.026917756,0.2747516,-0.07514095,3144309630045947
0.025212526,0.8457037,-0.03974533,3144309639933642
0.003456533,0.39584124,0.04779911,3144309649821338
-6.162524E-4,0.0719544,0.118618965,3144309659709033
0.009138584,0.14480427,0.06729984,3144309669627246
0.021226764,0.24985299,0.048389435,3144309679514941
0.03173709,0.34108353,0.06433964,3144309689402636
0.054256916,0.26350984,0.019474983,3144309699320849
0.0061682463,0.24787647,0.048901558,3144309709208545
-0.017208219,0.24380234,0.041433334,3144309719096240
-0.00977695,0.22272581,7.200241E-4,3144309728983935
0.02313745,0.20860735,0.0688715,3144309738871631
0.031746745,0.17960978,0.054522514,3144309748759326
0.025268912,0.12939735,0.030643463,3144309758677539
0.008418202,0.041219324,0.037706375,3144309768565234
-0.0068166256,-0.018921018,-0.012710571,3144309778452929
-0.015563369,-0.12914228,-0.029759407,3144309788340625
0.0013016462,-0.15718141,-0.04457283,3144309798228320
0.0137706995,-0.22123887,-0.08089924,3144309808116015
-0.0035653114,-0.2422542,-0.092084885,3144309818003711
-0.00822556,-0.10792826,-0.047207832,3144309827921924
0.013116837,-0.014824599,-0.052711487,3144309837809619
0.02724588,-5.424917E-4,-0.04880619,3144309847697314
-0.003560543,-0.06992471,-0.01763153,3144309857585009
0.018309593,-0.117492065,0.018091202,3144309867472705
-0.00628829,-0.20542397,0.0035390854,3144309877360400
-0.020234704,-0.17233974,-1.5926361E-4,3144309887278613
-5.347729E-4,-0.060694963,0.020996094,3144309897166308
0.018085957,-0.016649663,0.040715218,3144309907084521
0.0077325106,-0.014424294,0.01540947,3144309916972217
0.021866798,-0.015768468,0.01765728,3144309926859912
0.022691369,-0.011210501,-0.017793655,3144309936778125
0.008444786,-0.018474296,-0.005583763,3144309946665820
0.017858267,-0.0042937845,0.04762268,3144309956553515
0.0039839745,0.040365696,0.043540955,3144309966441211
0.022556424,0.05363393,0.02431202,3144309976359424
-0.0053762197,-0.004043728,-0.025169373,3144309986247119
-0.0058077574,-0.06782709,-0.026735306,3144309996134814
-0.0118483305,-0.10904051,-0.017718315,3144310006022509
-0.0024518967,-0.052574962,-0.0182724,3144310015910205
0.0039862394,-0.013151228,-0.0034780502,3144310025797900
0.02015984,0.057594165,0.013514519,3144310035685595
0.025877357,0.056707457,0.056230545,3144310045603808
0.024904847,0.03482774,0.018257141,3144310055491504
-0.016615868,0.0036511868,0.02102089,3144310065379199
-0.02930367,-0.010940462,-0.011556625,3144310075297412
0.025532126,-0.04292351,-0.0082941055,3144310085185107
0.010447979,-0.08938159,-0.013379097,3144310095072802
0.003836155,-0.065319866,-0.006617546,3144310104960498
-0.005297184,-0.031961128,-0.010526657,3144310114848193
-0.007983685,-0.020099252,0.0114889145,3144310124735888
-0.003088951,-0.0022992045,0.009519577,3144310134654101
0.031692505,0.027185231,0.012221336,3144310144541797
0.019883633,0.031399578,-0.008814812,3144310154429492
0.019775748,-0.049452394,-0.068442345,3144310164317187
0.016941905,-0.15262246,-0.022398949,3144310174204883
-0.0064413548,-0.198782,0.022785187,3144310184092578
-0.004855871,-0.14394747,1.3256073E-4,3144310194010791
0.007394552,-0.020271435,-0.037448883,3144310203898486
0.01396966,0.0063010603,0.03618145,3144310213786181
-0.0019845963,0.015985519,0.022660255,3144310223673877
-0.010945916,0.026474535,-0.004722595,3144310233592090
-0.020190239,-0.033856437,0.011980057,3144310243501715
-0.0015505552,-0.042426974,0.034335136,3144310253389410
0.023426175,9.1433525E-4,0.0010690689,3144310263277106
0.03759706,-0.045028165,0.018928528,3144310273164801
0.01574254,-0.023613214,-0.0035953522,3144310283052496
0.009087205,-0.060812384,0.013005257,3144310292970709
-0.026795745,-0.016501948,0.03286171,3144310302858404
-4.2545795E-4,-0.01865688,-0.015803337,3144310312746100
0.005073309,0.010099679,-0.020048141,3144310322664313
0.029363751,0.023174345,0.02875042,3144310332552008
0.011950135,0.0019771606,0.037900925,3144310342439703
-0.0014804602,0.0011495352,0.02803135,3144310352357916
-0.013134003,-0.049102336,0.015937805,3144310362245611
-0.02413404,-0.030257955,-0.031350136,3144310372133307
-0.015769482,0.08723472,-0.09451008,3144310381990484
0.041824818,0.068451375,-0.06276417,3144310391908697
0.010623932,0.005411014,0.043545723,3144310401796393
-0.02410388,-0.07115648,0.09268665,3144310411714606
-3.0589104E-4,-0.24630037,0.12832928,3144310421602301
-0.013147235,-0.06599557,-0.065680504,3144310431489996
0.003273487,0.0708752,-0.082185745,3144310441377691
0.015517592,-0.041960977,-0.05497551,3144310451295904
-0.005275607,-0.06440213,-0.063570976,3144310461153082
-0.0151257515,0.006417811,-0.021411896,3144310471071295
0.0056245327,-0.04220151,0.069499016,3144310480958990
0.010000229,-0.031986766,0.07054615,3144310490877203
0.009894609,-0.05854354,0.010322571,3144310500764898
0.021143436,-0.103790276,0.012377739,3144310510652594
0.027202725,-0.084726855,0.039149284,3144310520540289
-0.0038616657,-0.024754465,0.04437256,3144310530427984
-0.019660115,-0.015272893,0.020142555,3144310540346197
-0.014270186,-0.049453326,0.0057582855,3144310550203375
0.011788607,-0.032264754,0.029346466,3144310560121588
2.8169155E-4,0.045879297,0.02202797,3144310570009283
0.006240368,0.068424396,0.028987885,3144310579896979
0.00766325,0.07037808,-0.007741928,3144310589815191
-0.025574207,0.008513473,-0.0086250305,3144310599702887
0.0072948933,-0.08537342,-0.002547264,3144310609590582
0.01365149,-0.14495137,-0.0037622452,3144310619478277
0.0023671389,-0.16263255,0.0136909485,3144310629396490
-0.028520703,-0.16489594,-0.004617691,3144310639253668
-0.0013589859,-0.12000461,0.005487442,3144310649110846
-0.006392956,-0.00387704,0.004825592,3144310659029059
0.008006573,0.020949487,0.01721096,3144310668916754
-0.020606875,0.019564956,-0.0046930313,3144310678834967
-0.006284237,0.0136266835,0.010233879,3144310688722662
0.004405141,0.033596158,0.017860413,3144310698640875
-0.020859003,0.07189235,0.0018625259,3144310708498053
0.0077894926,0.09660888,0.025062561,3144310718416266
0.01221776,0.112739,0.012580872,3144310728303961
0.016747952,0.0815205,-0.029138565,3144310738222174
0.004042387,0.06623452,-0.012533188,3144310748109869
-0.012581944,0.08198153,0.0013513565,3144310757997564
-0.00887835,0.07763133,0.011474609,3144310767915777
-0.009281516,0.092441946,-0.0032186508,3144310777803473
0.014187574,0.110658616,0.01421833,3144310787691168
0.011464238,0.08492869,0.010298729,3144310797578863
0.011393428,0.093651175,-4.9209595E-4,3144310807466559
-0.021084666,0.08700879,0.018398285,3144310817354254
-0.005667448,0.11243851,0.032387733,3144310827272467
-9.756088E-4,0.12819621,0.022717476,3144310837160162
0.01006031,0.0532488,-0.010240555,3144310847047857
0.0031938553,-2.2741407E-4,0.010311127,3144310856935553
-0.01666689,0.0955099,-0.0177145,3144310866823248
-0.02353406,0.17692946,0.018339157,3144310876741461
-0.0019156933,0.20688733,-0.0074443817,3144310886629156
-0.0052621365,0.14797325,0.044883728,3144310896486334
0.021875978,0.14329877,0.021030426,3144310906374029
0.049820542,0.112686366,0.049369812,3144310916261725
0.004196167,0.033115964,0.040766716,3144310926179938
-0.01444912,-0.12239784,-5.4359436E-4,3144310936098150
-0.022888303,-0.15271357,-0.02695179,3144310945985846
0.0031661987,-0.099592686,-0.017626762,3144310955873541
-0.0014349222,-0.10564253,0.0056266785,3144310965761236
-0.023293972,-0.029563487,-0.03983879,3144310975679449
0.008722782,0.048207164,0.017802238,3144310985567145
-0.0055720806,0.0021874197,0.036792755,3144310995454840
-0.0025978088,-0.099036284,0.010825157,3144311005342535
-0.0025993586,-0.16735955,0.0077438354,3144311015260748
-0.015616059,-0.24532282,-0.0035114288,3144311025117926
-0.008332372,-0.286649,0.0030574799,3144311035005621
-0.023140192,-0.2563242,-0.005839348,3144311044893316
-0.027951598,-0.18710302,-0.01932621,3144311054811529
-0.004068613,-0.12682083,-0.016161919,3144311064699225
0.011701703,-0.08591613,-0.044913292,3144311074617438
-0.0053198338,-0.014035441,-0.03790474,3144311084505133
-0.010956526,0.0884148,-4.8542023E-4,3144311094392828
0.0075359344,0.11792371,0.0362463,3144311104280523
0.0144120455,0.07626569,-0.01952076,3144311114198736
0.008363485,0.022100337,0.0031738281,3144311124086432
0.0028549433,-0.072850935,0.07352352,3144311134004645
0.0061205626,-0.119302906,0.050829887,3144311143892340
9.098053E-4,-0.055934496,0.008519173,3144311153780035
-0.0086447,0.03868036,-0.034293175,3144311163667731
-0.011955023,-0.048232436,0.04128933,3144311173555426
-3.736019E-4,-0.07009441,0.03679943,3144311183443121
-0.014970183,-0.009044632,0.017264366,3144311193330816
-0.006943226,0.044096522,-0.0017881393,3144311203249029
0.015869379,0.09729788,7.1430206E-4,3144311213136725
-0.013212919,0.047826305,-0.007455826,3144311223024420
0.0026113987,-0.10857375,-0.0026626587,3144311232912115
0.006277561,-0.13204493,-0.0098695755,3144311242799811
-0.010717392,-0.13626882,0.0017967224,3144311252718023
-0.014002919,-0.08747378,0.0049819946,3144311262605719
-0.015337586,-0.012765512,-0.020252228,3144311272493414
-0.004024625,0.03578659,-0.018095016,3144311282381109
-0.014094353,0.023444548,-0.02790451,3144311292299322
-0.0051671267,-0.018090952,0.023516655,3144311302187018
0.006068349,-0.022319272,0.016395569,3144311312044195
-0.017794013,5.449131E-4,0.024801254,3144311321962408
-0.006810546,0.03240536,-9.660721E-4,3144311331880621
0.010448813,0.014534388,-0.001496315,3144311341737799
-0.0020984411,0.041557636,0.025079727,3144311351656012
-0.003831625,0.0041689742,-0.015903473,3144311361543707
-0.0044374466,-0.02894675,0.016804695,3144311371431402
0.006552577,-0.026996637,0.025453568,3144311381319098
-0.003348589,0.026004862,0.002254486,3144311391237311
-0.019974828,0.029276632,0.06668949,3144311401094488
0.005212784,-2.395343E-4,0.03480339,3144311411012701
0.004643798,0.05892187,0.003525734,3144311420900397
0.009594321,-7.206034E-4,0.015206337,3144311430818609
9.075403E-4,-0.073422864,-0.026211739,3144311440706305
-0.013023376,-0.006745616,0.004958153,3144311450594000
0.004476428,0.10529129,-0.01846695,3144311460481695
0.010697961,0.13710803,-0.0061454773,3144311470399908
0.0074141026,0.1110907,0.025987625,3144311480287604
0.027445912,0.0937053,0.015246391,3144311490175299
0.007537484,0.076095246,0.014205933,3144311500062994
-0.026814103,0.0944217,0.019145012,3144311509981207
0.014355779,0.024579821,0.046406746,3144311519838385
0.0015573502,-0.011703609,0.00262928,3144311529756598
-0.015531898,-0.06677177,-0.02512455,3144311539644293
-0.0013400316,-0.09414462,-0.03483486,3144311549531988
-0.023886561,-0.103287145,-0.049061775,3144311559450201
-0.002308607,-0.12616771,-0.011296272,3144311569337897
0.006774783,-0.07914438,0.036330223,3144311579225592
-0.015451908,-0.04371501,0.030098915,3144311589082770
0.010753512,-0.0041872263,-0.0042390823,3144311599000982
-0.0051083565,7.8597665E-4,0.013848305,3144311608888678
-9.1671944E-4,0.06703439,-0.004825592,3144311618806891
0.013541341,0.017951945,0.012152672,3144311628694586
0.008380413,0.021234706,0.051290512,3144311638582281
0.0059509277,0.0031008255,0.0063238144,3144311648469977
-0.006747961,0.013544211,-0.008348465,3144311658388189
0.0072125196,0.056857806,-0.014450073,3144311668275885
0.014778137,0.019609228,-0.020394325,3144311678163580
-0.0019373894,-0.0061917445,-0.009849548,3144311688051275
0.0061689615,-0.03734995,-0.01725769,3144311697969488
-1.578331E-4,-0.023253255,-0.018797874,3144311707857184
-0.017562628,0.08971154,-0.018033981,3144311717744879
-0.01577425,0.11307426,-0.009054184,3144311727632574
0.006058216,0.03664931,-0.021418571,3144311737520270
7.9774857E-4,-0.01809213,0.0028686523,3144311747407965
-0.0051898956,0.008019165,0.0055160522,3144311757326178
-0.0062133074,-0.034753993,0.031641006,3144311767213873
-0.018311262,-0.06542881,0.049160957,3144311777101568
-0.0062406063,0.023647187,-0.005317688,3144311787019781
-0.010815501,0.04955542,0.015273094,3144311796876959
-0.007987738,0.092444085,0.026064873,3144311806795172
-0.014972925,0.08355365,0.0049448013,3144311816682867
0.013034821,0.065231636,0.012495995,3144311826570563
0.00284791,0.030691143,-0.029525757,3144311836488775
-0.0158149,0.031130427,-0.059174538,3144311846376471
0.014237642,-0.062197614,0.044516563,3144311856264166
0.026911497,0.04112584,0.0015735626,3144311866151861
0.011497736,0.013742415,-0.01834774,3144311876039557
-0.017285943,-0.13459304,-0.0250597,3144311885927252
-0.005282998,-0.20922014,-0.03875351,3144311895845465
-0.04057324,-0.22607905,-0.03104496,3144311905733160
0.008115888,-0.2534026,0.014249802,3144311915620856
2.5260448E-4,-0.1455635,-0.002380371,3144311925508551
-0.021894336,-0.086181976,-0.03162861,3144311935396246
-0.013952374,-0.035520386,0.024318695,3144311945283941
0.0068154335,-0.028052168,0.025195122,3144311955171637
-0.007020712,0.08099373,-0.005721092,3144311965089850
0.012953401,0.08366421,0.016767502,3144311974977545
-0.0043514967,-0.052286603,-0.0024375916,3144311984865240
-0.008144259,-0.11230948,-0.009571075,3144311994752936
-0.013187051,-0.07109818,0.044623375,3144312004671148
-0.026108503,-0.11623313,0.04390621,3144312014558844
-0.0057184696,-0.02394246,-0.015498161,3144312024446539
0.012977123,0.045906756,-0.030344963,3144312034334234
-0.002540946,0.0913392,-0.004957199,3144312044221930
-0.03222406,0.05129919,0.028301239,3144312054109625
-0.0050752163,0.007046275,0.03748703,3144312063997320
0.004197955,0.020910813,-0.018273354,3144312073915533
-4.5990944E-4,0.016451051,-0.0013275146,3144312083803229
-0.0024096966,-0.0071806572,-0.0059080124,3144312093690924
-0.008880615,-0.01052703,-0.035144806,3144312103609137
-0.01630652,9.347005E-4,-0.06038475,3144312113496832
-0.024947643,-0.01241554,0.007820129,3144312123384527
0.003661275,0.05058337,0.049056053,3144312133272223
0.016998053,0.21600074,0.010853767,3144312143159918
0.0076287985,0.23448181,0.023916245,3144312153078131
0.0071755648,0.09292525,0.031970978,3144312162965826
-0.0178622,-0.024671003,-0.014277458,3144312172853522
-0.0026353598,-0.07111276,-0.022054672,3144312182741217
0.006354809,-0.041242912,0.02327919,3144312192659430
-0.012060881,-0.06455472,0.025512695,3144312202547125
-0.00934577,-0.036784742,-0.020492554,3144312212434820
7.644892E-4,0.09188336,-0.013834,3144312222322516
0.005704999,0.09130068,-0.02371788,3144312232210211
0.013643503,0.0012055892,0.010016441,3144312242097906
-0.027585745,-0.016891174,-0.0027837753,3144312252016119
0.009105325,0.007513582,0.020002365,3144312261934332
-0.007303357,0.040745404,-0.015151024,3144312271822027
-0.02470541,-0.059600465,-0.019108772,3144312281709723
0.022273064,-0.021718735,0.053429604,3144312291597418
-0.015495062,0.06223335,-0.023661613,3144312301485113
0.014092803,-0.017691292,-0.03838253,3144312311372809
-0.020169139,0.13411212,0.010684013,3144312321260504
0.02246964,0.18032861,0.029522896,3144312331148199
-0.013343334,0.17505729,0.06688595,3144312341035895
0.0034012794,0.11160745,0.06124401,3144312350954107
0.030448318,0.0035952218,0.05097103,3144312360841803
-0.030480742,0.068471186,-0.027334213,3144312370760016
0.031968832,-0.05174397,0.051059723,3144312380647711
0.01958716,-0.051032417,0.006842613,3144312390535406
-0.016541004,-0.0017678458,-0.08837128,3144312400423102
-0.021325946,-0.045260206,-0.021746635,3144312410310797
-0.008211255,-0.06456526,0.07805443,3144312420229010
0.032209873,0.02805864,0.08213329,3144312430116705
0.0044959784,0.15462032,0.01439476,3144312440004400
-0.002907753,0.14755867,-0.009797096,3144312449892096
0.01816225,0.013824437,-0.004169464,3144312459779791
0.014759541,-0.13496196,0.04953289,3144312469698004
-0.027687669,-0.06382032,0.011574745,3144312479585699
-0.0065563917,-0.059808746,-0.077632904,3144312489473395
-0.024382472,-0.10834657,-0.055903435,3144312499361090
0.01641643,-0.124470994,-0.024045944,3144312509248785
0.005158901,-0.10307659,-0.04223919,3144312519166998
0.0012185574,-0.051081866,-0.015398979,3144312529054693
-0.00362432,-0.04449209,0.04745102,3144312538942389
0.016409397,0.023097448,0.03626156,3144312548860602
-0.009978652,0.07520072,-0.037098885,3144312558748297
0.04877007,-0.033761717,0.08147907,3144312568635992
0.019560933,0.059719272,0.042664528,3144312578523688
-0.013476014,-0.04215276,-0.032052994,3144312588411383
-0.03837478,-0.18078116,-0.03377819,3144312598329596
-0.0041069984,-0.14446168,-0.014293671,3144312608217291
0.025386333,-0.084867075,-0.004453659,3144312618104986
0.0046833754,-0.08494288,0.007634163,3144312627992682
0.017585874,-0.03406529,-0.011138916,3144312637910895
-0.01535356,0.07026831,-0.062607765,3144312647768072
0.00696826,-0.049580988,0.03501129,3144312657686285
-0.040304422,-0.15319729,0.015613556,3144312667573981
-0.020293355,-0.21257123,-0.01867199,3144312677461676
-0.015189886,-0.13278079,0.034780502,3144312687379889
0.025975943,0.0223004,0.06268597,3144312697267584
0.0062890053,0.05277696,-0.04405117,3144312707155279
-3.4034252E-4,-0.014146149,-0.10207367,3144312717042975
-0.031295896,-0.01570069,-0.0145664215,3144312726930670
-0.0075172186,-0.046189994,-0.0040388107,3144312736818365
-0.037563324,-0.039818082,0.027375221,3144312746736578
0.042581797,0.021628369,-0.03358078,3144312756624273
0.0032343864,0.024521451,-0.035956383,3144312766511969
0.04033649,0.026423514,-8.840561E-4,3144312776399664
0.025372744,0.057369564,0.00866127,3144312786317877
-0.0405761,-0.054964915,0.013272285,3144312796175055
-0.022190928,-0.065113746,0.03315258,3144312806093268
-0.041353106,-0.1316261,0.015161514,3144312816011481
-0.015776873,-0.12420358,-0.017796516,3144312825899176
-0.02616775,-0.08583374,-0.037204742,3144312835756354
0.0089432,-1.06494874E-4,0.037962914,3144312845674566
-0.015310645,0.10693012,0.10497379,3144312855562262
-0.011847019,0.106481254,0.033304214,3144312865449957
0.09258652,0.13119838,-0.06775856,3144312875368170
0.006016135,0.037024602,-0.015316963,3144312885255865
-0.005957842,-0.09526001,0.02798748,3144312895143561
-0.030730128,-0.17024752,0.008191109,3144312905031256
0.034452677,-0.06751521,-0.060738564,3144312914918951
-0.08230078,-0.0035887286,-0.019097328,3144312924806647
0.035063624,0.033882156,0.0665369,3144312934724859
-0.0051196814,0.06794242,0.08250713,3144312944612555
0.033944488,0.016901247,-0.020632744,3144312954530768
-0.012992501,-0.01194362,-0.116086006,3144312964418463
-0.007027149,0.04578495,0.10093975,3144312974306158
-0.021936417,-0.0035046786,0.07904148,3144312984193854
0.0047359467,-0.048301693,0.002327919,3144312994081549
-0.012850165,0.041759145,-0.03523922,3144313003969244
-0.02502048,0.044829175,-0.05205536,3144313013856939
0.03233981,0.102900855,-0.019137383,3144313023775152
0.0027320385,0.059305724,0.10035515,3144313033662848
0.016030312,0.07327776,0.05776024,3144313043550543
0.019481182,0.12220425,-0.011153221,3144313053438238
-0.0014406443,0.09687763,-0.03407669,3144313063356451
-0.010938287,0.058193307,-0.014143944,3144313073213629
0.016973257,0.0109663345,0.020821571,3144313083131842
0.019549489,0.035162386,-0.03422737,3144313093019537
1.9526482E-4,-0.0034138188,-0.0283947,3144313102907232
-0.034947515,-0.043416325,-0.012122154,3144313112825445
-0.049438477,-0.07179484,0.013279915,3144313122713141
-0.013103604,-0.025092714,-0.0076379776,3144313132600836
-0.027588606,0.07644999,0.017820358,3144313142488531
0.03385353,0.20226991,0.01706791,3144313152376227
-0.032845855,0.1620538,0.023414612,3144313162263922
0.09066248,0.09925106,-0.0022468567,3144313172182135
0.03679657,0.12487921,-0.034729958,3144313182069830
-0.018664002,0.06879433,0.015580177,3144313191957525
0.0071231127,0.040825278,0.030873299,3144313201845221
-0.02538085,0.032208875,-0.021158218,3144313211763434
0.009312153,-0.0075116903,0.0042467117,3144313221651129
0.03936982,0.048894048,0.026965141,3144313231569342
-0.013719082,0.008695066,-0.056598663,3144313241457037
-0.0024119616,-0.043348134,0.007200241,3144313251314215
0.028324962,-0.048128746,0.080584526,3144313261232428
-0.054017067,0.018707514,0.029255867,3144313271120123
-0.0014395714,0.13238405,-0.004620552,3144313281007818
0.0024460554,0.061517596,0.038704872,3144313290926031
0.042090297,-0.00949692,0.028437614,3144313300813727
-0.061846495,-0.03593079,-0.016897202,3144313310701422
-0.017014861,-0.05950617,0.018590927,3144313320589117
0.03558469,0.02826047,-0.012465477,3144313330476813
0.009644508,0.05013059,-0.028886795,3144313340395025
-0.0278368,0.07196782,0.009149551,3144313350282721
-0.021329522,-0.0088719055,6.723404E-4,3144313360170416
0.02019608,-0.05441074,0.038288116,3144313370058111
-0.0059640408,-0.07623829,0.037607193,3144313379945807
0.026611924,-0.03244578,-0.0349617,3144313389864020
-0.019667745,-0.028120995,-0.025186539,3144313399751715
-0.040742993,-0.121287875,-0.006296158,3144313409639410
-0.06265962,-0.16793881,-0.03735447,3144313419527106
-0.035184145,-0.038796395,0.012011528,3144313429414801
0.0124976635,0.065833114,0.056921005,3144313439333014
0.105060816,0.08859375,0.004412651,3144313449220709
0.13458979,0.02765429,-0.037937164,3144313459108404
0.028869867,-0.047696233,-0.059664726,3144313468996100
-0.034519434,-0.02824504,-0.032883644,3144313478883795
-0.011964321,-0.011748299,0.011095047,3144313488771490
0.026487947,0.0069506243,0.11676502,3144313498689703
0.022817373,-0.007821023,0.01002121,3144313508577398
-0.09988749,-0.09496492,-0.09372997,3144313518465094
0.009470344,-0.022993304,-0.046336174,3144313528383307
0.105127454,-0.025420234,-0.014048576,3144313538271002
0.014999986,-0.08409451,-0.011829376,3144313548158697
-0.12760222,-0.100092776,-0.060305595,3144313558046393
-0.047655225,-0.030286781,0.015621185,3144313567934088
0.032849908,0.037384085,0.14332294,3144313577821783
-0.026967049,-0.023096994,0.18555164,3144313587709479
-0.0830245,-0.001919359,0.08024311,3144313597627691
0.014452577,0.03415329,-0.07834339,3144313607515387
0.16537583,0.03069114,-0.10007,3144313617403082
0.08372879,-0.06137734,-0.12506199,3144313627290777
-0.15505922,-0.11751118,-0.10617161,3144313637178473
-0.16478217,-0.10050193,0.032426834,3144313647066168
0.031678677,0.03422621,0.10846615,3144313656984381
0.1946646,0.19949454,-0.04300499,3144313666872076
0.14776945,0.16315708,-0.1427145,3144313676790289
0.0022330284,-0.034116477,-0.038388252,3144313686647467
0.01815319,0.051416606,0.005300522,3144313696565680
-0.01969719,0.11258484,0.04009247,3144313706453375
-0.09314847,0.039064392,0.1451025,3144313716371588
-0.03996861,0.0030432567,0.1060276,3144313726259283
7.517338E-4,0.050390556,-0.033460617,3144313736146979
-0.041480184,-0.03603761,0.04496479,3144313746034674
-0.020719647,-0.059727773,0.0361681,3144313755922369
-0.040567875,-0.07134688,0.021661758,3144313765810064
-0.07233095,-0.08159371,-0.011357307,3144313775728277
-0.06457424,-0.06545756,-0.006175995,3144313785615973
-0.05504477,0.011723459,0.030579567,3144313795503668
-0.083577275,0.027338177,0.034789085,3144313805391363
0.007845879,0.017671391,0.05414486,3144313815279059
0.17792022,0.1089009,0.01665306,3144313825166754
0.13201046,0.08296793,-0.028435707,3144313835054449
-0.023290038,0.022560738,-0.006750107,3144313844972662
-0.07784104,-0.09512172,0.06177044,3144313854860357
-0.010530949,-0.12241163,0.038553238,3144313864778570
0.073462605,-0.0977317,-0.023129463,3144313874666266
0.03779292,-0.10757206,-0.18395233,3144313884553961
-0.03037548,-0.1749937,-0.14805889,3144313894441656
-0.00990212,-0.18749544,-0.07653904,3144313904329352
-0.094717264,-0.17801522,0.053645134,3144313914217047
-0.16475546,-0.05321741,0.20395184,3144313924135260
-0.109413266,0.019598685,0.079764366,3144313934022955
-0.05733323,0.09200971,0.0023880005,3144313943910650
-0.05664158,0.05434557,0.04754448,3144313953828863
0.089369416,0.065095976,0.023582458,3144313963716559
0.095149755,0.07787354,-0.096473694,3144313973604254
0.06539774,0.11830102,-0.048550606,3144313983491949
-0.0051283836,-0.014184982,0.039782524,3144313993379645
-0.07799983,-0.07264142,0.100933075,3144314003267340
-0.12400901,-0.065872036,0.02474022,3144314013185553
-0.0075496435,-0.002899766,-0.110097885,3144314023073248
0.091555476,0.022323154,-0.1426115,3144314032960943
0.11192453,0.11934134,-0.08286381,3144314042848639
0.067080975,0.23436782,0.009837151,3144314052766852
0.100157976,0.20005348,0.049096107,3144314062654547
0.10060799,0.10454344,0.008887291,3144314072542242
-0.09114313,-0.024036884,0.037691116,3144314082429938
-0.18334436,-0.089773625,0.06603241,3144314092317633
-0.092062354,-0.04292685,0.041018486,3144314102235846
0.07967949,0.065561295,-0.021185875,3144314112123541
0.13763762,0.091242254,-0.076416016,3144314122011236
0.06561005,0.054648586,0.009462357,3144314131898932
-0.008253336,0.07590003,0.027092934,3144314141786627
-0.06685507,0.118535,0.091879845,3144314151674322
-0.12542903,0.1285964,0.065294266,3144314161592535
-0.05365944,0.12840545,0.06644249,3144314171480231
0.04967296,0.10222705,0.09114647,3144314181367926
0.122894645,0.060601454,0.011897087,3144314191255621
0.13212633,0.007891275,-0.035365105,3144314201173834
0.09766793,-0.081829846,-0.022953033,3144314211061529
0.08427596,-0.056660842,-0.07086849,3144314220949225
0.14657605,-0.020932727,-0.05227852,3144314230867438
0.18740332,-0.03160612,-0.11199951,3144314240755133
0.12355304,-0.11357054,-0.059203148,3144314250642828
-0.030398607,-0.13818827,0.0065336227,3144314260561041
-0.12053585,-0.12685709,0.029768944,3144314270448736
-0.12515247,-0.102001935,-0.0063142776,3144314280336432
-0.100414515,-0.13691354,0.055940628,3144314290254645
-0.045827746,-0.1669371,0.024219513,3144314300142340
-0.0628531,-0.16386814,0.030716896,3144314310030035
-0.1421057,-0.20115732,-0.028801918,3144314319917731
-0.10009527,-0.20830482,0.05278778,3144314329805426
-0.07453072,-0.20716235,0.04342556,3144314339693121
-0.009713292,-0.0992661,-0.041264534,3144314349580816
0.07424855,-0.02146067,-0.02214241,3144314359499029
0.20053124,0.034974165,-0.0010242462,3144314369386725
0.34832895,0.1807573,-0.020285606,3144314379274420
0.3533703,0.23171423,-0.064787865,3144314389162115
0.27396357,0.19423234,-0.024260521,3144314399080328
0.112567544,0.032228537,-0.026349068,3144314408968023
-0.07365394,-0.097637914,0.043481827,3144314418855719
-0.2360723,-0.14153332,0.076859474,3144314428743414
-0.3667295,-0.14029041,0.037448883,3144314438661627
-0.32498634,-0.10701543,0.060206413,3144314448549322
-0.082597375,-0.05173017,0.0242033,3144314458437018
0.027770162,-0.025942571,-0.025037766,3144314468324713
-0.065908074,-0.0076353475,0.024897575,3144314478212408
-0.08812046,0.05801051,0.05309677,3144314488130621
-0.040534616,0.07531457,0.017676353,3144314498018316
0.13871253,0.11273027,0.013145447,3144314507906012
0.26310098,0.11205321,-0.08221245,3144314517793707
0.22454762,0.035595812,-0.17251778,3144314527681402
0.06798506,0.008521013,-0.19216251,3144314537569098
-0.17811692,0.011381142,-0.046943665,3144314547487311
-0.32674253,0.018666767,0.10284042,3144314557375006
-0.3060379,-0.015844159,0.15561771,3144314567262701
-0.13859534,-0.05885078,0.113972664,3144314577180914
0.0796386,-0.0016281754,0.035434723,3144314587068609
0.17464781,0.12423332,-0.040358543,3144314596956305
0.13943732,0.16758749,-0.050144196,3144314606844000
0.058517933,0.15033694,-0.025200844,3144314616731695
-0.048915386,0.14552468,0.010472298,3144314626619391
-0.086046934,0.111048006,0.023443222,3144314636537604
0.002326727,0.090665035,0.042360306,3144314646425299
0.11600232,0.06970965,0.028918266,3144314656312994
0.13062894,0.06486355,-0.013196945,3144314666200689
0.051287293,0.08829665,-0.007501602,3144314676088385
-0.029469252,0.12295183,0.012289047,3144314685976080
-0.07479155,0.080623105,-0.008274078,3144314695863775
-0.037130952,-0.034964174,-0.01787281,3144314705781988
-0.01300323,-0.017635606,-0.03908634,3144314715669684
-0.04436052,0.0033535957,-0.04585266,3144314725557379
0.0014157295,0.013824061,0.021611214,3144314735475592
0.0031437874,-4.298687E-4,0.032603264,3144314745363287
-0.06466639,0.02228044,-0.051937103,3144314755281500
-0.13071597,0.0134256035,-0.016109467,3144314765169195
-0.1677351,-0.022058085,0.05331421,3144314775026373
-0.1831497,0.019303322,0.11573315,3144314784944586
-0.046665907,0.04037276,0.11122608,3144314794832281
0.08745921,0.028302237,0.053840637,3144314804719977
0.07668638,-0.004393667,0.0021810532,3144314814638189
1.2528896E-4,0.009974942,-0.045072556,3144314824525885
-0.05969882,-5.585551E-4,-0.07156181,3144314834413580
-0.087002635,-0.013626248,-0.042243958,3144314844301275
-0.036677003,0.012154222,0.024323463,3144314854188971
0.09545648,0.10832019,0.03793049,3144314864076666
0.1529926,0.07620077,-5.4359436E-4,3144314873964361
0.16940796,0.060501173,-0.011291504,3144314883882574
0.08654475,0.0284255,-0.03477192,3144314893770270
0.07712293,0.008785054,-0.032003403,3144314903688482
0.08052492,0.0266805,-0.064557076,3144314913576178
0.0041730404,0.048529506,0.014185905,3144314923463873
-0.06120968,0.09857282,0.092915535,3144314933351568
-0.08496177,0.035471022,0.06567478,3144314943239264
-0.025058746,-0.060422495,0.029532433,3144314953126959
0.036836267,-0.08691965,-0.030632973,3144314963045172
-0.01361382,-0.037620097,-0.012002945,3144314972932867
-0.070697546,0.04054074,0.02284813,3144314982820563
-0.027357697,0.07853073,0.058394432,3144314992738775
-0.06336868,0.02383387,0.074650764,3144315002626471
-0.07924628,0.036816463,0.078951836,3144315012514166
-0.08049464,0.046520874,0.12670803,3144315022401861
-0.025975823,0.005539,0.15481758,3144315032289557
0.026939392,-0.056044757,0.082351685,3144315042177252
-0.029016376,-0.070558354,0.034602165,3144315052064947
-0.07905197,-0.013348401,0.0052948,3144315061983160
-0.07772064,0.022004321,-0.032935143,3144315071870856
-0.013703465,0.037270114,-0.0044727325,3144315081758551
-0.014751792,0.028007358,0.0765295,3144315091646246
-0.031625867,-0.015633404,0.1573,3144315101564459
-0.04438603,-0.09620252,0.07172871,3144315111452154
-0.099101424,-0.15063304,-0.057336807,3144315121339850
-0.12163806,-0.10406664,-0.094875336,3144315131227545
-0.13018048,-0.05862245,-0.1448555,3144315141115240
-0.12251556,-0.0412699,-0.12232876,3144315151033453
0.025933266,-0.06093645,-0.11682129,3144315160921148
0.1279217,-0.081590086,-0.16215706,3144315170808844
0.19461215,-0.1126332,-0.20096684,3144315180696539
0.22463202,-0.026604146,-0.27461815,3144315190614752
0.20419657,0.090504706,-0.27069283,3144315200471930
0.14524281,0.099743724,-0.17273903,3144315210390143
0.12894177,0.10832584,-0.073005676,3144315220277838
0.12497604,0.10690412,-0.023451805,3144315230165533
0.11803675,0.07125351,-0.03147316,3144315240083746
-0.001998186,0.07005951,-0.047729492,3144315249971441
-0.017256737,0.07466355,-0.07080746,3144315259859137
0.027929425,0.07921758,-0.059393883,3144315269777350
-0.014943719,0.07789746,0.027216911,3144315279665045
-0.06557071,0.005720705,0.16186047,3144315289522223
-0.083373666,-0.013231903,0.13890457,3144315299440436
-0.1326623,0.03873691,0.06693554,3144315309328131
-0.110764146,0.053655207,-0.023769379,3144315319215826
-0.067277074,0.02584365,-0.10096359,3144315329103522
-0.108790874,-6.5535307E-4,0.004855156,3144315339021734
-0.16808283,-0.031112015,0.13816261,3144315348939947
-0.08080685,-0.08582023,0.2606535,3144315358827643
-0.025688887,-0.19673154,0.22298908,3144315368715338
-0.06158352,-0.16208687,0.092347145,3144315378603033
-0.100878954,-0.06772867,0.09100151,3144315388490729
-0.111022115,-0.004049897,0.11351776,3144315398378424
-0.053112864,0.019452184,0.033132553,3144315408266119
0.04963398,-0.012407392,-0.08654404,3144315418153814
0.109942675,0.035051107,-0.10796261,3144315428072027
0.13633287,0.06776437,-0.11020851,3144315437959723
0.15580833,0.04108298,-0.1250248,3144315447877936
0.1514486,0.07233125,-0.10196781,3144315457765631
0.08792353,0.040023893,-0.104151726,3144315467653326
0.13240862,-0.02083674,-0.18060017,3144315477510504
0.13628423,-0.010199398,-0.18166542,3144315487428717
0.022569656,0.034640163,-0.19808674,3144315497316412
-0.0019818544,0.0790064,-0.15074348,3144315507204107
-0.04981947,0.084964395,0.015879631,3144315517122320
-0.03162837,0.0427635,0.12548923,3144315527010016
-0.012523532,-0.053849816,0.14839745,3144315536928229
8.955002E-4,-0.06786808,0.12146187,3144315546815924
-0.03294027,-0.039259017,0.0490942,3144315556703619
-0.047415853,-0.078731805,-0.090314865,3144315566560797
-0.060412526,-0.060319632,-0.15309715,3144315576479010
-0.11059666,-0.05363536,-0.107481,3144315586366705
-0.13969612,-0.069170415,0.04238224,3144315596254400
-0.10433328,-0.033287883,0.2735691,3144315606142096
-0.08409941,-0.04337102,0.44134235,3144315616060309
-0.0040584803,-0.038334668,0.4247017,3144315625948004
0.073905945,-0.022381276,0.1810875,3144315635835699
0.031913996,-0.07901883,-0.11570072,3144315645723395
-0.03310573,-0.16984135,-0.2719984,3144315655611090
-0.1338557,-0.1745964,-0.25463486,3144315665529303
-0.18558598,-0.11463246,-0.071237564,3144315675416998
-0.028517127,-0.0796864,0.1009531,3144315685304693
0.061394334,0.019191235,0.19136906,3144315695222906
0.16744125,0.043311387,0.09742737,3144315705110602
0.26248336,-0.070174605,-0.059671402,3144315714998297
0.21218503,-0.05690658,-0.17808914,3144315724885992
0.007671356,0.039895684,-0.1575222,3144315734773688
-0.11504817,0.07133746,-0.12855434,3144315744661383
-0.15671372,0.06613767,-0.033982277,3144315754579596
-0.09993327,0.031676292,0.045977592,3144315764467291
0.01987648,0.024256125,0.12559319,3144315774354986
0.09831059,0.05177462,0.17748547,3144315784242682
0.14489722,0.13619706,0.23039913,3144315794160895
0.12584662,0.20986429,0.22336769,3144315804048590
0.16452408,0.16648306,0.140975,3144315813936285
0.21855938,-0.0015129745,-0.052352905,3144315823823981
0.10648966,-0.10608423,-0.27145195,3144315833711676
-0.10299754,-0.12493619,-0.55201244,3144315843629889
-0.19843924,-0.12573221,-1.051589,3144315853517584
-0.25204456,-0.029999793,-0.55988884,3144315863405279
-0.14072931,0.050701663,0.2114811,3144315873323492
0.043584704,-0.020967156,0.5893755,3144315883211188
0.059245467,-0.07488456,0.5553398,3144315893098883
0.005695343,-0.034480646,0.2668438,3144315902986578
-0.08755815,-0.025710821,0.07934475,3144315912874273
-0.20871389,-0.005498603,0.026156425,3144315922792486
-0.37762785,0.0016483217,0.17389774,3144315932649664
-0.4395703,0.006738633,0.33813,3144315942567877
-0.39387095,-0.0038485825,0.33123875,3144315952455572
-0.12808812,-0.12267996,0.3064499,3144315962373785
0.13746214,-0.11738765,0.26021862,3144315972261481
