0.48602295,0.113723755,9.414001,1065520368736338
0.48243713,0.1304779,9.352951,1065520378624034
0.49320984,0.14485168,9.337387,1065520388542247
0.49440002,0.13168335,9.360138,1065520398429942
0.4692688,0.14245605,9.344574,1065520408317637
0.47166443,0.108932495,9.361328,1065520418174815
0.47525024,0.10534668,9.373306,1065520428093028
0.44532776,0.1197052,9.369705,1065520437980723
0.4584961,0.1149292,9.34697,1065520447837901
0.48841858,0.1197052,9.313446,1065520457756114
0.4728546,0.13168335,9.354141,1065520467643809
0.48243713,0.120910645,9.354141,1065520477562022
0.45489502,0.13526917,9.355347,1065520487449717
0.46566772,0.123306274,9.337387,1065520497337413
0.46687317,0.1257019,9.334991,1065520507225108
0.47045898,0.111328125,9.372101,1065520517112803
0.47525024,0.11730957,9.354141,1065520527031016
0.45370483,0.13407898,9.339783,1065520536918711
0.46687317,0.14485168,9.364914,1065520546806407
0.49320984,0.14964294,9.34697,1065520556694102
0.4728546,0.1484375,9.336197,1065520566581797
0.45489502,0.14364624,9.337387,1065520576469493
0.46687317,0.13887024,9.361328,1065520586387706
0.47045898,0.1149292,9.362518,1065520596275401
0.4740448,0.11013794,9.336197,1065520606193614
0.47525024,0.11730957,9.3194275,1065520616081309
0.49440002,0.13287354,9.352951,1065520625969004
0.47166443,0.14245605,9.34816,1065520635856700
0.47525024,0.13887024,9.345764,1065520645744395
0.4740448,0.116119385,9.351746,1065520655632090
0.4632721,0.1197052,9.344574,1065520665519786
0.4632721,0.14245605,9.349365,1065520675407481
0.44770813,0.13526917,9.345764,1065520685325694
0.45610046,0.15083313,9.386475,1065520695213389
0.48841858,0.15562439,9.343369,1065520705101084
0.48841858,0.14006042,9.36731,1065520714988780
0.4728546,0.13526917,9.360138,1065520724876475
0.45489502,0.120910645,9.357742,1065520734794688
0.48960876,0.1304779,9.354141,1065520744712901
0.4812317,0.12689209,9.354141,1065520754570079
0.47525024,0.11730957,9.336197,1065520764488291
0.44172668,0.118515015,9.342178,1065520774375987
0.4584961,0.15083313,9.337387,1065520784263682
0.4728546,0.16281128,9.3302,1065520794151377
0.47764587,0.13168335,9.34816,1065520804039073
0.4812317,0.12210083,9.325409,1065520813957286
0.46087646,0.13168335,9.344574,1065520823875498
0.47045898,0.12449646,9.352951,1065520833763194
0.45729065,0.14245605,9.336197,1065520843650889
0.4524994,0.1257019,9.350555,1065520853538584
0.48960876,0.12808228,9.3589325,1065520863395762
0.4812317,0.123306274,9.349365,1065520873283457
0.46566772,0.13407898,9.339783,1065520883171153
0.49320984,0.1304779,9.376892,1065520893089366
0.5027771,0.118515015,9.352951,1065520902977061
0.4920044,0.118515015,9.369705,1065520912895274
0.44770813,0.12928772,9.385269,1065520922782969
0.46087646,0.13407898,9.374496,1065520932670665
0.46087646,0.12689209,9.34816,1065520942588877
0.46806335,0.12210083,9.339783,1065520952476573
0.4620819,0.14724731,9.357742,1065520962364268
0.46806335,0.14364624,9.368515,1065520972282481
0.45729065,0.1197052,9.34697,1065520982139659
0.45968628,0.13287354,9.354141,1065520992027354
0.48960876,0.12689209,9.350555,1065521001915049
0.46566772,0.13526917,9.350555,1065521011802745
0.47166443,0.10774231,9.34697,1065521021690440
0.49919128,0.116119385,9.349365,1065521031608653
0.49560547,0.12689209,9.354141,1065521041465831
0.49919128,0.123306274,9.34816,1065521051384043
0.48721313,0.14006042,9.338577,1065521061271739
0.46687317,0.1376648,9.364914,1065521071189952
0.46087646,0.1484375,9.368515,1065521081108165
0.47525024,0.14245605,9.343369,1065521090995860
0.45370483,0.1257019,9.36731,1065521100883555
0.4920044,0.1304779,9.369705,1065521110771250
0.4692688,0.12210083,9.357742,1065521120658946
0.45010376,0.14006042,9.34816,1065521130546641
0.4920044,0.123306274,9.344574,1065521140434336
0.49679565,0.13287354,9.340973,1065521150352549
0.47644043,0.14485168,9.361328,1065521160240245
0.48721313,0.15203857,9.36731,1065521170158457
0.49320984,0.13647461,9.345764,1065521180046153
0.47764587,0.14364624,9.339783,1065521189933848
0.46687317,0.13526917,9.34816,1065521199821543
0.47525024,0.14964294,9.369705,1065521209709239
0.44651794,0.13887024,9.355347,1065521219596934
0.45610046,0.12808228,9.340973,1065521229515147
0.50398254,0.1304779,9.340973,1065521239402842
0.5087738,0.14364624,9.357742,1065521249290538
0.49560547,0.14125061,9.34697,1065521259178233
0.5027771,0.1197052,9.355347,1065521269096446
0.4812317,0.12808228,9.34816,1065521278984141
0.47525024,0.14245605,9.357742,1065521288871836
0.48602295,0.12689209,9.356537,1065521298759532
0.48243713,0.11730957,9.339783,1065521308647227
0.4584961,0.13168335,9.345764,1065521318534922
0.46566772,0.13887024,9.3302,1065521328453135
0.47764587,0.14245605,9.345764,1065521338340831
0.46566772,0.14125061,9.334991,1065521348228526
0.46806335,0.13647461,9.34697,1065521358116221
0.46687317,0.13407898,9.324219,1065521368003916
0.4692688,0.118515015,9.3589325,1065521377922129
0.46566772,0.14485168,9.343369,1065521387809825
0.4692688,0.1257019,9.362518,1065521397697520
0.48362732,0.111328125,9.338577,1065521407585215
0.48960876,0.12928772,9.343369,1065521417503428
0.4812317,0.13887024,9.368515,1065521427391123
0.47764587,0.13526917,9.362518,1065521437278819
0.4800415,0.108932495,9.373306,1065521447166514
0.47045898,0.1197052,9.361328,1065521457054209
0.4584961,0.13168335,9.345764,1065521466941905
0.4812317,0.13287354,9.361328,1065521476860118
0.48362732,0.1376648,9.362518,1065521486747813
0.4812317,0.16400146,9.350555,1065521496635508
0.48841858,0.15562439,9.384079,1065521506523204
0.4908142,0.14724731,9.375687,1065521516410899
0.4740448,0.16400146,9.350555,1065521526298594
0.44532776,0.113723755,9.345764,1065521536216807
0.43933105,0.1257019,9.355347,1065521546104502
0.46687317,0.12808228,9.345764,1065521555992198
0.48362732,0.1304779,9.352951,1065521565879893
0.51594543,0.1197052,9.34816,1065521575767588
0.4980011,0.118515015,9.354141,1065521585655284
0.5051727,0.13168335,9.362518,1065521595542979
0.52671814,0.14364624,9.339783,1065521605430674
0.49560547,0.1257019,9.34697,1065521615348887
0.44891357,0.1197052,9.326614,1065521625267100
0.45489502,0.120910645,9.3302,1065521635154795
0.44770813,0.12689209,9.337387,1065521645042491
0.45370483,0.14245605,9.370911,1065521654930186
0.46806335,0.13887024,9.356537,1065521664817881
0.4908142,0.14245605,9.332596,1065521674705577
0.5171509,0.14125061,9.352951,1065521684593272
0.4980011,0.14964294,9.345764,1065521694480967
0.5027771,0.12210083,9.374496,1065521704368663
0.5135498,0.12449646,9.357742,1065521714286875
0.4740448,0.11253357,9.350555,1065521724174571
0.48243713,0.120910645,9.381683,1065521734092784
0.47883606,0.099365234,9.360138,1065521743949961
0.46687317,0.12210083,9.36731,1065521753837657
0.45610046,0.120910645,9.340973,1065521763755870
0.47644043,0.14604187,9.362518,1065521773643565
0.49320984,0.17358398,9.360138,1065521783531260
0.5015869,0.14485168,9.339783,1065521793418956
0.48841858,0.13168335,9.349365,1065521803337168
0.48841858,0.15203857,9.338577,1065521813255381
0.47525024,0.14364624,9.350555,1065521823143077
0.46087646,0.12210083,9.342178,1065521833000254
0.48841858,0.11253357,9.355347,1065521842887950
0.47883606,0.1197052,9.361328,1065521852806163
0.4728546,0.120910645,9.350555,1065521862724375
0.47525024,0.14006042,9.385269,1065521872581553
0.5123596,0.12210083,9.364914,1065521882438731
0.4920044,0.13287354,9.357742,1065521892356944
0.4800415,0.14604187,9.356537,1065521902275157
0.46687317,0.1484375,9.34697,1065521912193370
0.48243713,0.15562439,9.340973,1065521922081065
0.49440002,0.13887024,9.352951,1065521931938243
0.48602295,0.12928772,9.366119,1065521941856456
0.47166443,0.14245605,9.373306,1065521951744151
0.47045898,0.14006042,9.364914,1065521961631846
0.46087646,0.123306274,9.342178,1065521971550059
0.4920044,0.12449646,9.355347,1065521981437754
0.49679565,0.13287354,9.381683,1065521991325450
0.5027771,0.12689209,9.351746,1065522001213145
0.49560547,0.12449646,9.366119,1065522011100840
0.509964,0.1197052,9.357742,1065522020988536
0.5123596,0.1149292,9.360138,1065522030906748
0.48721313,0.14125061,9.361328,1065522040763926
0.46087646,0.14964294,9.357742,1065522050651622
0.46447754,0.14245605,9.379288,1065522060569834
0.49440002,0.13168335,9.350555,1065522070427012
0.47166443,0.14485168,9.351746,1065522080345225
0.47883606,0.15083313,9.345764,1065522090263438
0.4584961,0.15802002,9.299072,1065522100151133
0.4584961,0.1484375,9.337387,1065522110038829
0.47764587,0.14125061,9.368515,1065522119926524
0.49320984,0.12808228,9.34697,1065522129814219
0.5207367,0.120910645,9.3589325,1065522139701915
0.49919128,0.13407898,9.356537,1065522149620127
0.5063782,0.14245605,9.32901,1065522159507823
0.50756836,0.10534668,9.362518,1065522169426036
0.4728546,0.113723755,9.355347,1065522179313731
0.4584961,0.1304779,9.331406,1065522189170909
0.4632721,0.12210083,9.289505,1065522199089122
0.4980011,0.13168335,9.418793,1065522208976817
0.4908142,0.1484375,9.333801,1065522218864512
0.4728546,0.14245605,9.369705,1065522228782725
0.46687317,0.14604187,9.373306,1065522238670420
0.47166443,0.1197052,9.338577,1065522248527598
0.49679565,0.1149292,9.338577,1065522258445811
0.49440002,0.13287354,9.345764,1065522268364024
0.50398254,0.116119385,9.39006,1065522278251719
0.50756836,0.1197052,9.397247,1065522288139415
0.50398254,0.12808228,9.379288,1065522298027110
0.51594543,0.13647461,9.357742,1065522307914805
0.49679565,0.14485168,9.352951,1065522317833018
0.46566772,0.1257019,9.342178,1065522327720713
0.4812317,0.12928772,9.323029,1065522337608409
0.5051727,0.12928772,9.321823,1065522347496104
0.4620819,0.13168335,9.31105,1065522357383799
0.48243713,0.13407898,9.370911,1065522367271495
0.52194214,0.14724731,9.360138,1065522377189707
0.51475525,0.1376648,9.354141,1065522387077403
0.5015869,0.118515015,9.351746,1065522396965098
0.50398254,0.13647461,9.326614,1065522406883311
0.49440002,0.1304779,9.364914,1065522416740489
0.4920044,0.14724731,9.396042,1065522426658702
0.5231323,0.14006042,9.379288,1065522436515879
0.4908142,0.12689209,9.334991,1065522446373057
0.47166443,0.12210083,9.324219,1065522456321788
0.4800415,0.12928772,9.385269,1065522466209483
0.5051727,0.1257019,9.375687,1065522476097178
0.4980011,0.12928772,9.339783,1065522485984873
0.52552795,0.13168335,9.32901,1065522495903086
0.49919128,0.13287354,9.384079,1065522505790782
0.49679565,0.12928772,9.36731,1065522515708995
0.51475525,0.14485168,9.344574,1065522525596690
0.5063782,0.12689209,9.364914,1065522535453868
0.4728546,0.12449646,9.352951,1065522545372081
0.47525024,0.12449646,9.361328,1065522555259776
0.49320984,0.113723755,9.31105,1065522565147471
0.49320984,0.1197052,9.301468,1065522575035166
0.5063782,0.11730957,9.336197,1065522584922862
0.45610046,0.16160583,9.36731,1065522594810557
0.4513092,0.16879272,9.366119,1065522604698252
0.49440002,0.14964294,9.321823,1065522614585948
0.50756836,0.13287354,9.333801,1065522624473643
0.47883606,0.113723755,9.355347,1065522634361338
0.47644043,0.1257019,9.352951,1065522644279551
0.51475525,0.11013794,9.345764,1065522654197764
0.5123596,0.10055542,9.363724,1065522664115977
0.5123596,0.11253357,9.396042,1065522674003672
0.4812317,0.12210083,9.363724,1065522683891368
0.52194214,0.104141235,9.339783,1065522693748545
0.53271484,0.10295105,9.363724,1065522703666758
0.50398254,0.104141235,9.34697,1065522713554454
0.50398254,0.11253357,9.34816,1065522723442149
0.48602295,0.111328125,9.354141,1065522733329844
0.4740448,0.1257019,9.337387,1065522743248057
0.46806335,0.12210083,9.349365,1065522753135752
0.47764587,0.13526917,9.340973,1065522763023448
0.49440002,0.14724731,9.374496,1065522772941661
0.5123596,0.1197052,9.3302,1065522782829356
0.50756836,0.099365234,9.336197,1065522792717051
0.4189911,0.089782715,9.361328,1065522802604747
0.48960876,0.09576416,9.36731,1065522812492442
0.509964,0.09815979,9.355347,1065522822410655
0.52911377,0.09815979,9.357742,1065522832298350
0.51475525,0.080200195,9.344574,1065522842186045
0.48721313,0.101760864,9.373306,1065522852073741
0.4908142,0.111328125,9.339783,1065522861961436
0.5410919,0.12210083,9.345764,1065522871849131
0.54348755,0.123306274,9.342178,1065522881767344
0.49679565,0.12449646,9.32901,1065522891655040
0.44891357,0.104141235,9.350555,1065522901542735
0.49679565,0.096969604,9.376892,1065522911430430
0.55545044,0.09815979,9.378082,1065522921318125
0.588974,0.10055542,9.349365,1065522931236338
0.6093292,0.11013794,9.362518,1065522941093516
0.5997467,0.111328125,9.343369,1065522951011729
0.72424316,0.11013794,9.32901,1065522960899424
0.74220276,0.10055542,9.324219,1065522970787120
0.5782013,0.09815979,9.360138,1065522980705332
0.4237671,0.10534668,9.412811,1065522990593028
0.3651123,0.08140564,9.406815,1065523000480723
0.35194397,0.061050415,9.421188,1065523010368418
0.8152313,0.14485168,9.228455,1065523020256114
1.0582428,0.14724731,9.299072,1065523030174327
0.9337311,0.113723755,9.422379,1065523040031504
0.56144714,0.11730957,9.351746,1065523049919200
0.4118042,0.104141235,9.369705,1065523059806895
0.58299255,0.104141235,9.368515,1065523069694590
0.72184753,0.111328125,9.3302,1065523079582286
0.77212524,0.113723755,9.321823,1065523089500498
0.60572815,0.082595825,9.360138,1065523099418711
0.37348938,0.0287323,9.380478,1065523109336924
0.39265442,0.017959595,9.351746,1065523119224620
0.90141296,0.13168335,9.34816,1065523129112315
1.2270355,0.23822021,9.303864,1065523139000010
0.6763611,0.15802002,9.379288,1065523148857188
0.22265625,0.04548645,9.393646,1065523158775401
0.57221985,0.0861969,9.374496,1065523168693614
1.0809784,0.12449646,9.30986,1065523178581309
1.7310028,0.24301147,9.186554,1065523188469004
0.77931213,0.1304779,9.349365,1065523198356700
-0.36750793,-0.0861969,9.441528,1065523208244395
0.2741394,-0.0861969,9.307465,1065523218162608
1.0702057,0.1304779,9.340973,1065523228050303
0.7685394,0.16160583,9.448715,1065523237937998
0.4632721,0.101760864,9.380478,1065523247825694
0.20948792,0.070632935,9.356537,1065523257743907
0.79248047,0.13887024,9.30986,1065523267601084
0.70150757,0.12210083,9.384079,1065523277458262
0.9002228,0.12928772,9.31105,1065523287376475
1.8327637,0.2561798,9.132675,1065523297264170
1.553833,0.25498962,9.228455,1065523307182383
-0.14604187,-0.094573975,9.494202,1065523317070079
0.56622314,-0.09336853,9.287109,1065523326957774
0.6260834,-0.0047912598,9.544479,1065523336845469
0.60572815,0.094573975,9.530121,1065523346763682
0.89901733,0.21907043,9.285904,1065523356651377
0.89782715,0.13407898,9.351746,1065523366569590
0.82121277,0.03831482,9.3589325,1065523376457286
0.8236084,0.056259155,9.352951,1065523386344981
0.7697296,0.06225586,9.265564,1065523396232676
0.51116943,0.03352356,9.40802,1065523406120372
0.6404419,0.029922485,9.463089,1065523416008067
1.0893555,0.18075562,9.229645,1065523425895762
1.0330963,0.22865295,9.321823,1065523435813975
0.6177063,0.19631958,9.368515,1065523445701670
0.375885,0.080200195,9.40921,1065523455589366
0.32202148,-0.0035858154,9.400833,1065523465477061
0.24780273,-0.013168335,9.40921,1065523475364756
0.54467773,-0.0143585205,9.297882,1065523485282969
0.98760986,0.05986023,9.138672,1065523495170665
0.86909485,0.032318115,9.504974,1065523505058360
0.9002228,0.0861969,9.460693,1065523514976573
1.1504211,0.2166748,9.235626,1065523524833750
1.1073151,0.20948792,9.18895,1065523534690928
0.8092346,0.18435669,9.372101,1065523544609141
0.5410919,0.14604187,9.497803,1065523554527354
0.5901642,0.06703186,9.355347,1065523564415049
0.802063,0.15441895,9.2595825,1065523574333262
0.8092346,0.17837524,9.247604,1065523584220957
0.84754944,0.05027771,9.313446,1065523594108653
0.8439636,0.07421875,9.622299,1065523603996348
0.79367065,0.068237305,9.339783,1065523613914561
0.6141052,0.044296265,9.175781,1065523623802256
0.39982605,0.0143585205,9.451111,1065523633659434
0.34954834,-0.010772705,9.46907,1065523643516612
0.40940857,-0.0287323,9.459488,1065523653434825
0.7457886,0.073028564,9.385269,1065523663322520
0.9145813,0.087387085,9.263168,1065523673240733
0.84754944,0.07661438,9.271545,1065523683158946
1.0031738,0.07182312,9.276337,1065523693046641
0.79367065,0.01914978,9.417587,1065523702964854
0.69911194,0.04069519,9.493011,1065523712852549
1.1348572,0.23582458,9.212891,1065523722709727
1.1851349,0.24659729,9.2643585,1065523732566905
0.9540863,0.084991455,9.461884,1065523742485118
0.7733307,0.03352356,9.384079,1065523752372813
0.82240295,0.09336853,9.221268,1065523762291026
0.73861694,0.017959595,9.277527,1065523772178721
0.79966736,-0.02154541,9.484634,1065523782096934
0.8236084,0.0035858154,9.460693,1065523791984629
0.6823425,0.017959595,9.40802,1065523801872325
0.826004,0.1257019,9.290695,1065523811760020
1.0929565,0.18196106,9.246414,1065523821678233
1.0474701,0.116119385,9.362518,1065523831535411
0.58657837,0.15562439,9.372101,1065523841423106
0.4118042,0.16998291,9.36731,1065523851341319
1.0761871,0.12808228,9.293091,1065523861229014
0.9540863,0.058654785,9.285904,1065523871116709
0.60214233,-0.0023956299,9.34697,1065523881034922
0.49560547,-0.04069519,9.48822,1065523890922618
0.99479675,0.020355225,9.410416,1065523900810313
1.4245453,0.092178345,9.162613,1065523910698008
0.90141296,0.092178345,9.3589325,1065523920616221
0.30526733,-0.011978149,9.463089,1065523930503916
0.38905334,-0.02154541,9.357742,1065523940391612
1.0067596,0.14485168,9.238022,1065523950279307
0.84036255,0.15681458,9.277527,1065523960167002
0.98760986,0.18315125,9.433151,1065523970085215
0.90501404,0.13287354,9.443924,1065523979972911
1.0115509,0.0574646,9.260773,1065523989860606
0.9457092,0.039505005,9.257187,1065523999748301
0.43933105,-0.015563965,9.459488,1065524009666514
0.7170563,0.0143585205,9.466675,1065524019554209
1.0773926,0.14245605,9.337387,1065524029441905
0.90740967,0.118515015,9.282318,1065524039329600
0.58299255,0.034713745,9.281128,1065524049217295
0.58418274,0.022750854,9.452301,1065524059135508
1.0330963,0.05506897,9.399643,1065524069023204
1.193512,0.08140564,9.412811,1065524078910899
1.2473755,0.065841675,9.202118,1065524088798594
0.73143005,-0.05027771,9.297882,1065524098686290
0.38067627,-0.05027771,9.48703,1065524108604502
0.47525024,0.041900635,9.527725,1065524118461680
1.3826447,0.17477417,9.126694,1065524128379893
1.6029205,0.23822021,9.127899,1065524138267588
0.5698242,0.14006042,9.381683,1065524148155284
-0.2561798,-0.0909729,9.621094,1065524158042979
0.8152313,0.027526855,9.376892,1065524167961192
1.632843,0.15083313,9.203308,1065524177818370
1.2868805,0.12210083,9.287109,1065524187675547
0.52194214,-0.017959595,9.504974,1065524197593760
0.8666992,-0.013168335,9.289505,1065524207481456
0.87867737,-0.01914978,9.417587,1065524217399668
1.493988,0.18075562,9.186554,1065524227317881
1.1611938,0.18435669,9.150635,1065524237205577
0.23223877,-0.13287354,9.490616,1065524247093272
-0.116119385,-0.13287354,9.759964,1065524256980967
1.2497711,0.19992065,9.266754,1065524266868663
2.1475983,0.4632721,9.084793,1065524276756358
1.1575928,0.13168335,9.357742,1065524286644053
-0.11253357,-0.16041565,9.491806,1065524296531748
0.09576416,-0.17597961,9.465469,1065524306449961
0.56503296,-0.096969604,9.364914,1065524316368174
1.5921478,0.20829773,9.11113,1065524326255870
2.0446472,0.3327942,9.263168,1065524336143565
0.96965027,0.118515015,9.442734,1065524346031260
0.24899292,-0.07901001,9.392456,1065524355918956
0.3902588,-0.07901001,9.418793,1065524365837168
0.96006775,0.03591919,9.323029,1065524375724864
0.95887756,0.101760864,9.315842,1065524385612559
0.7110748,0.080200195,9.391251,1065524395500254
1.0127411,0.101760864,9.314636,1065524405387950
0.81044006,0.07421875,9.305069,1065524415275645
0.6787567,0.044296265,9.369705,1065524425163340
0.73262024,0.034713745,9.321823,1065524435081553
0.40582275,0.0023956299,9.394852,1065524444969248
0.8930359,0.106536865,9.345764,1065524454856944
2.3523102,0.28849792,9.1698,1065524464744639
1.4951782,0.20111084,9.380478,1065524474632334
0.30885315,-0.04309082,9.467865,1065524484520030
0.3531494,-0.120910645,9.337387,1065524494438243
0.81163025,-0.051467896,9.317032,1065524504325938
1.320404,0.1149292,9.308655,1065524514244151
1.2318115,0.19154358,9.375687,1065524524131846
1.1983032,0.15203857,9.3194275,1065524534019541
0.9349365,0.053863525,9.324219,1065524543907237
0.3148346,-0.04548645,9.40802,1065524553794932
0.41539,-0.063446045,9.387665,1065524563682627
0.8128357,0.041900635,9.323029,1065524573570323
1.2270355,0.16879272,9.332596,1065524583488536
1.2796936,0.18675232,9.296692,1065524593376231
0.6979065,0.077804565,9.424774,1065524603263926
0.7290344,0.013168335,9.363724,1065524613151622
1.1827393,0.044296265,9.289505,1065524623039317
0.841568,0.0287323,9.388855,1065524632957530
0.83317566,0.0095825195,9.36731,1065524642845225
0.9361267,0.025146484,9.336197,1065524652732920
0.69911194,0.029922485,9.382874,1065524662620616
0.88705444,0.039505005,9.34816,1065524672508311
1.1049194,0.18435669,9.323029,1065524682396006
1.0929565,0.18075562,9.302673,1065524692283702
0.84994507,0.034713745,9.305069,1065524702201915
0.61531067,-0.07661438,9.355347,1065524712089610
1.0307007,0.039505005,9.303864,1065524721977305
0.9516907,0.104141235,9.412811,1065524731865000
1.2892761,0.14364624,9.314636,1065524741752696
1.1851349,0.14604187,9.265564,1065524751640391
0.7769165,0.020355225,9.314636,1065524761558604
0.5195465,-0.06225586,9.419983,1065524771446299
0.31962585,-0.065841675,9.431961,1065524781333995
1.4556732,0.13887024,9.273941,1065524791252207
1.7836761,0.2669525,9.254791,1065524801139903
0.54707336,0.05027771,9.430756,1065524811027598
0.5686188,-0.056259155,9.354141,1065524820915293
1.5370789,0.1197052,9.113525,1065524830802989
0.6871338,0.03112793,9.482239,1065524840690684
0.61172485,0.025146484,9.40921,1065524850578379
0.885849,0.06225586,9.320633,1065524860496592
1.0055695,0.1149292,9.299072,1065524870384288
0.72065735,0.123306274,9.381683,1065524880271983
0.7589569,0.037109375,9.357742,1065524890190196
0.6967163,-0.027526855,9.386475,1065524900077891
0.40701294,-0.053863525,9.411606,1065524909935069
0.9732361,-0.013168335,9.352951,1065524919853282
1.8028412,0.1771698,9.278732,1065524929740977
1.4029999,0.19033813,9.369705,1065524939659190
0.90740967,0.05267334,9.336197,1065524949546885
0.5698242,-0.032318115,9.356537,1065524959434581
0.6188965,-0.0143585205,9.312241,1065524969322276
0.7050934,0.02154541,9.402023,1065524979209971
0.802063,0.046691895,9.422379,1065524989097666
1.2533722,0.113723755,9.342178,1065524999015879
1.5346832,0.16879272,9.276337,1065525008903575
0.81044006,0.05986023,9.429565,1065525018791270
0.34117126,-0.10534668,9.415192,1065525028678965
1.0714111,0.041900635,9.247604,1065525038566661
1.233017,0.13407898,9.343369,1065525048454356
1.4341278,0.15681458,9.380478,1065525058342051
1.2090759,0.15203857,9.312241,1065525068260264
0.9397278,0.03591919,9.303864,1065525078147959
0.9624634,0.044296265,9.289505,1065525088035655
0.39863586,-0.065841675,9.384079,1065525097953868
-0.2561798,-0.15322876,9.549271,1065525107841563
1.2593536,0.0861969,9.284714,1065525117729258
2.190689,0.296875,9.19014,1065525127616954
1.7154388,0.2753296,9.32901,1065525137504649
0.03591919,-0.070632935,9.453506,1065525147422862
0.8319855,-0.09576416,9.18895,1065525157310557
0.54467773,0.0071868896,9.475052,1065525167228770
0.3818817,0.070632935,9.490616,1065525177116465
0.78289795,0.049087524,9.281128,1065525187004161
1.8483276,0.0909729,9.293091,1065525196891856
1.3096313,0.101760864,9.4379425,1065525206779551
1.0857697,0.15681458,9.058456,1065525216697764
-0.66319275,-0.15802002,9.702499,1065525226585459
0.70269775,-0.06463623,9.338577,1065525236473155
2.1392212,0.28370667,9.132675,1065525246391368
1.6340485,0.30645752,9.363724,1065525256279063
1.4951782,0.19154358,9.147049,1065525266136241
-0.2059021,-0.17118835,9.478638,1065525276054454
0.037109375,-0.19392395,9.490616,1065525285942149
0.9002228,0.011978149,9.414001,1065525295829844
1.830368,0.2753296,9.2200775,1065525305748057
0.5566559,0.06225586,9.394852,1065525315635752
-0.5913696,-0.16998291,9.609131,1065525325523448
0.93014526,0.029922485,9.32901,1065525335411143
2.9460602,0.32681274,8.985443,1065525345298838
1.5789795,0.21786499,9.317032,1065525355217051
-0.06942749,-0.02633667,9.591171,1065525365074229
-0.8595123,-0.16281128,9.594757,1065525374992442
1.2102661,0.075424194,9.257187,1065525384880137
2.7305908,0.29808044,8.956711,1065525394798350
1.9201508,0.27653503,9.366119,1065525404686045
1.5239105,0.1592102,9.09079,1065525414573741
-0.26455688,-0.065841675,9.653427,1065525424461436
0.09815979,-0.10774231,9.2248535,1065525434349131
-1.4712372,-0.22625732,9.964661,1065525444236827
0.4010315,-0.020355225,9.502594,1065525454155040
2.996338,0.42616272,9.076416,1065525464042735
4.5753174,0.5746155,8.488647,1065525473930430
1.6783295,0.21427917,9.521744,1065525483818125
-1.256958,-0.16758728,9.795883,1065525493705821
0.39982605,-0.13526917,8.864532,1065525503593516
0.5351105,-0.075424194,9.439133,1065525513511729
0.36750793,-0.032318115,9.691727,1065525523399424
0.52552795,0.041900635,9.314636,1065525533287120
0.5303192,0.01914978,9.591171,1065525543174815
1.6843262,0.20469666,9.160217,1065525553062510
0.925354,0.14724731,9.382874,1065525562950206
0.092178345,-0.063446045,9.504974,1065525572837901
1.2222443,0.05986023,9.272736,1065525582756114
2.1535797,0.2166748,9.076416,1065525592643809
0.8032532,0.0909729,9.42836,1065525602531504
0.19992065,-0.13647461,9.452301,1065525612449717
1.8638916,0.09576416,8.948334,1065525622337413
1.3706818,0.1484375,9.475052,1065525632225108
0.52433777,0.05506897,9.60434,1065525642112803
0.0095825195,-0.13526917,9.424774,1065525652000498
0.5518646,-0.0143585205,9.3984375,1065525661888194
1.0929565,0.13647461,9.282318,1065525671775889
1.2832947,0.1484375,9.340973,1065525681663584
1.1803436,0.111328125,9.461884,1065525691551280
1.2785034,0.089782715,9.242813,1065525701469493
0.81044006,0.017959595,9.270355,1065525711357188
0.84036255,0.0287323,9.344574,1065525721244883
0.96965027,0.05506897,9.416397,1065525731163096
1.371872,0.20469666,9.325409,1065525741050791
1.4245453,0.22625732,9.2643585,1065525750938487
0.9133911,0.09336853,9.449921,1065525760826182
0.4908142,-0.01914978,9.406815,1065525770713877
1.0965424,0.08140564,9.165009,1065525780601573
1.4101868,0.16520691,9.066849,1065525790489268
0.30885315,-0.008377075,9.512161,1065525800407481
0.41539,-0.011978149,9.552872,1065525810295176
1.3227997,0.09336853,9.331406,1065525820213389
1.4293365,0.14364624,9.137466,1065525830101084
0.72784424,0.09576416,9.378082,1065525839988780
0.43574524,-0.0035858154,9.504974,1065525849876475
1.0426788,0.058654785,9.246414,1065525859764170
1.5203247,0.13287354,9.366119,1065525869651866
0.8044586,0.07421875,9.394852,1065525879539561
0.7182617,0.077804565,9.372101,1065525889457774
0.9624634,0.11013794,9.3302,1065525899345469
1.1192932,0.13647461,9.234436,1065525909233165
0.57341003,0.07901001,9.368515,1065525919120860
0.5746155,0.03112793,9.405624,1065525929008555
0.9792328,0.05986023,9.2200775,1065525938896250
0.9325409,0.12808228,9.445129,1065525948783946
0.64523315,0.08140564,9.50737,1065525958702159
0.8343811,0.01675415,9.307465,1065525968589854
0.8595123,0.061050415,9.332596,1065525978477549
0.95887756,0.1376648,9.221268,1065525988365245
0.41539,0.06225586,9.536102,1065525998283457
0.69192505,0.07421875,9.406815,1065526008171153
0.95529175,0.056259155,9.313446,1065526018058848
1.1097107,0.0861969,9.223663,1065526027946543
0.6248932,0.034713745,9.429565,1065526037864756
0.54467773,-0.0071868896,9.300278,1065526047752452
0.65600586,-0.04548645,9.376892,1065526057640147
1.0606384,0.07661438,9.31105,1065526067527842
0.93852234,0.10534668,9.308655,1065526077446055
0.68115234,0.0574646,9.416397,1065526087333750
0.881073,0.02394104,9.299072,1065526097221446
1.028305,0.044296265,9.342178,1065526107109141
0.91218567,0.02633667,9.364914,1065526116996836
0.8882446,0.07182312,9.406815,1065526126915049
1.1132965,0.123306274,9.300278,1065526136802745
1.0869751,0.12689209,9.281128,1065526146690440
0.7374115,0.029922485,9.39006,1065526156608653
0.94451904,0.029922485,9.387665,1065526166496348
1.2402039,0.096969604,9.3194275,1065526176384043
1.0618286,0.058654785,9.333801,1065526186271739
0.9002228,0.0047912598,9.3302,1065526196159434
0.92774963,0.04309082,9.321823,1065526206047129
0.9935913,0.03352356,9.337387,1065526215934825
0.7457886,0.044296265,9.360138,1065526225853038
1.0618286,0.11013794,9.376892,1065526235740733
1.2258301,0.120910645,9.305069,1065526245628428
0.7290344,-0.0287323,9.402023,1065526255546641
0.84994507,-0.0011901855,9.352951,1065526265434336
1.0857697,0.09815979,9.3302,1065526275291514
1.0522461,0.077804565,9.378082,1065526285209727
1.3180084,0.104141235,9.327805,1065526295097422
1.1492157,0.046691895,9.339783,1065526304985118
0.74938965,-0.05027771,9.357742,1065526314903331
0.8643036,-0.0143585205,9.283524,1065526324791026
1.0127411,0.080200195,9.283524,1065526334678721
0.8930359,0.01914978,9.337387,1065526344566416
1.1276703,0.0047912598,9.2883,1065526354484629
0.87028503,-0.0035858154,9.416397,1065526364372325
0.60214233,0.010772705,9.519348,1065526374260020
0.87268066,-0.008377075,9.373306,1065526384147715
1.0151367,0.03352356,9.333801,1065526394035411
0.9756317,0.04309082,9.42717,1065526403953623
0.8547363,0.03112793,9.386475,1065526413841319
0.7266388,0.051467896,9.453506,1065526423698497
1.0929565,0.09336853,9.299072,1065526433616709
1.3742676,0.12210083,9.20929,1065526443504405
1.0726013,0.02154541,9.327805,1065526453422618
0.6691742,-0.032318115,9.354141,1065526463310313
0.50756836,-0.046691895,9.424774,1065526473198008
0.70269775,0.01675415,9.301468,1065526483085704
1.0462646,0.082595825,9.34697,1065526492973399
1.1492157,0.089782715,9.352951,1065526502861094
1.0857697,0.070632935,9.406815,1065526512748790
1.0809784,0.04069519,9.340973,1065526522667002
0.9133911,0.0047912598,9.345764,1065526532554698
0.8092346,-0.032318115,9.364914,1065526542442393
0.9971924,0.049087524,9.265564,1065526552330088
0.9133911,0.0909729,9.379288,1065526562217784
0.96965027,0.1149292,9.302673,1065526572105479
0.90979004,0.09336853,9.297882,1065526582023692
0.8666992,0.04548645,9.313446,1065526591911387
0.70269775,0.0095825195,9.434357,1065526601799082
0.6212921,-0.09336853,9.354141,1065526611686778
1.1396332,0.01675415,9.315842,1065526621604991
1.2521667,0.07901001,9.34816,1065526631492686
0.83317566,-0.013168335,9.362518,1065526641380381
0.8379669,-0.0071868896,9.366119,1065526651268077
0.99598694,0.01914978,9.277527,1065526661155772
0.8152313,0.034713745,9.396042,1065526671073985
0.846344,0.08859253,9.396042,1065526680961680
0.79248047,0.080200195,9.399643,1065526690849375
0.97683716,0.029922485,9.2799225,1065526700767588
1.1755524,0.09576416,9.2883,1065526710655284
0.90141296,0.034713745,9.374496,1065526720542979
0.802063,0.0,9.412811,1065526730430674
1.0103607,0.0,9.308655,1065526740318370
0.90979004,-0.0143585205,9.349365,1065526750206065
0.79966736,-0.070632935,9.416397,1065526760124278
1.0103607,0.0059814453,9.327805,1065526770011973
0.8379669,-0.0143585205,9.379288,1065526779899668
0.90501404,-0.0047912598,9.357742,1065526789787364
1.1456299,0.03591919,9.30986,1065526799675059
0.9684601,-0.0059814453,9.36731,1065526809593272
0.85832214,-0.032318115,9.392456,1065526819480967
0.9289551,-0.03591919,9.356537,1065526829368663
1.0881653,0.013168335,9.281128,1065526839256358
0.8571167,0.008377075,9.334991,1065526849144053
0.6907196,-0.029922485,9.459488,1065526859062266
0.93014526,-0.013168335,9.360138,1065526868949961
1.1252747,0.01914978,9.307465,1065526878837657
1.0606384,0.051467896,9.338577,1065526888725352
0.9229584,-0.017959595,9.406815,1065526898613047
1.3838501,0.0011901855,9.257187,1065526908500743
1.0139465,-0.03352356,9.307465,1065526918418956
0.6260834,-0.14604187,9.490616,1065526928306651
1.0031738,-0.08380127,9.2404175,1065526938194346
0.98521423,-0.06225586,9.30986,1065526948112559
0.6859436,-0.01914978,9.455902,1065526958000254
0.9397278,0.075424194,9.430756,1065526967887950
1.3024445,0.18075562,9.247604,1065526977775645
0.9612732,0.0574646,9.318237,1065526987663340
0.8092346,-0.0143585205,9.403229,1065526997551036
1.0785828,-0.008377075,9.19014,1065527007438731
0.71347046,-0.09336853,9.393646,1065527017356944
0.8056488,-0.09576416,9.530121,1065527027244639
1.1360474,-0.020355225,9.255981,1065527037132334
0.786499,-0.05986023,9.39006,1065527047020030
1.0139465,0.044296265,9.356537,1065527056907725
1.0785828,0.07901001,9.361328,1065527066795420
1.1168976,0.0861969,9.366119,1065527076713633
1.114502,0.061050415,9.260773,1065527086601329
0.71347046,-0.051467896,9.417587,1065527096519541
1.0582428,-0.039505005,9.315842,1065527106407237
1.1001282,0.0047912598,9.26796,1065527116264415
0.9421234,0.02633667,9.393646,1065527126121592
0.9457092,0.082595825,9.387665,1065527136039805
0.8343811,0.046691895,9.349365,1065527145958018
1.0031738,0.037109375,9.271545,1065527155815196
0.70150757,-0.053863525,9.317032,1065527165733409
0.45610046,-0.104141235,9.501389,1065527175651622
0.9133911,0.025146484,9.3194275,1065527185569834
1.6304474,0.1484375,9.162613,1065527195457530
1.6101074,0.096969604,9.147049,1065527205345225
0.79008484,-0.05506897,9.447525,1065527215202403
0.42855835,-0.11253357,9.54808,1065527225120616
0.7541809,-0.049087524,9.295486,1065527235008311
0.9864044,-0.0095825195,9.351746,1065527244896006
1.296463,0.16281128,9.287109,1065527254814219
1.1994934,0.113723755,9.396042,1065527264701915
0.8894501,-0.034713745,9.397247,1065527274589610
0.8307953,-0.06225586,9.414001,1065527284477305
0.86790466,-0.080200195,9.3302,1065527294365000
1.0366821,0.0011901855,9.266754,1065527304252696
1.0977478,0.111328125,9.380478,1065527314170909
1.0857697,0.084991455,9.350555,1065527324058604
0.9612732,0.08380127,9.333801,1065527333946299
0.8092346,0.01914978,9.392456,1065527343833995
1.3527222,0.096969604,9.275131,1065527353721690
0.67396545,-0.0861969,9.373306,1065527363609385
0.6751709,-0.05267334,9.419983,1065527373527598
1.233017,0.0861969,9.3589325,1065527383415293
1.3072357,0.015563965,9.338577,1065527393333506
1.0498505,-0.0287323,9.369705,1065527403221202
0.90141296,-0.025146484,9.385269,1065527413108897
0.90740967,-0.022750854,9.283524,1065527422996592
1.0319061,0.03352356,9.340973,1065527432884288
0.77093506,-0.010772705,9.3302,1065527442771983
0.7972717,-0.015563965,9.387665,1065527452659678
0.9528961,-0.0143585205,9.326614,1065527462577891
1.0558472,0.02633667,9.300278,1065527472465586
0.9792328,0.04548645,9.372101,1065527482353282
0.9900055,0.0143585205,9.362518,1065527492271495
1.0797882,0.0861969,9.349365,1065527502159190
0.82121277,0.0047912598,9.421188,1065527512016368
0.7805023,0.0047912598,9.296692,1065527521957953
0.79966736,0.0287323,9.333801,1065527531845648
0.86790466,-0.017959595,9.323029,1065527541763861
0.7362213,-0.029922485,9.340973,1065527551621038
0.76135254,-0.087387085,9.476257,1065527561508734
1.0486603,-0.05267334,9.375687,1065527571396429
1.201889,0.022750854,9.321823,1065527581284124
0.9911957,0.029922485,9.340973,1065527591171820
0.8487396,0.015563965,9.3194275,1065527601090033
0.7589569,0.034713745,9.317032,1065527611008245
0.83677673,0.020355225,9.385269,1065527620895941
0.93014526,0.04069519,9.339783,1065527630783636
0.881073,0.017959595,9.42717,1065527640671331
1.1899109,0.092178345,9.387665,1065527650589544
1.3299866,0.12689209,9.34697,1065527660477240
0.9720459,-0.0059814453,9.3302,1065527670364935
0.6787567,-0.101760864,9.36731,1065527680252630
0.6751709,-0.077804565,9.300278,1065527690140326
0.7661438,-0.008377075,9.318237,1065527700028021
0.8643036,0.049087524,9.332596,1065527709946234
0.8774719,-0.0035858154,9.394852,1065527719833929
0.9935913,0.037109375,9.372101,1065527729721624
0.9397278,0.039505005,9.435547,1065527739609320
1.0163422,0.063446045,9.344574,1065527749497015
0.94929504,0.032318115,9.382874,1065527759384710
1.1803436,0.053863525,9.307465,1065527769272406
0.68115234,-0.0143585205,9.356537,1065527779190619
0.7302246,-0.02633667,9.405624,1065527789078314
0.87986755,0.037109375,9.30986,1065527798966009
0.8487396,0.008377075,9.362518,1065527808884222
0.9337311,0.03352356,9.277527,1065527818771917
0.8547363,0.056259155,9.355347,1065527828659613
0.7338257,-0.0059814453,9.394852,1065527838547308
0.90859985,0.0,9.372101,1065527848465521
0.9816284,0.015563965,9.363724,1065527858353216
0.96006775,0.0071868896,9.361328,1065527868240912
1.0618286,0.041900635,9.326614,1065527878128607
0.9624634,0.073028564,9.31105,1065527888046820
0.7122803,0.02394104,9.381683,1065527897934515
0.9421234,0.05506897,9.307465,1065527907791693
0.8750763,0.04788208,9.31105,1065527917709906
0.87867737,0.01914978,9.40802,1065527927597601
1.1492157,0.04788208,9.315842,1065527937485296
1.1109161,0.07421875,9.336197,1065527947403509
0.881073,0.0023956299,9.414001,1065527957291204
1.0343018,-0.0023956299,9.306259,1065527967178900
0.9289551,0.0071868896,9.30986,1065527977066595
0.7170563,-0.027526855,9.373306,1065527986954290
0.81044006,-0.02394104,9.326614,1065527996841986
0.87628174,0.029922485,9.331406,1065528006729681
0.8355713,0.029922485,9.369705,1065528016647894
0.8643036,0.04548645,9.369705,1065528026535589
0.9421234,0.080200195,9.34816,1065528036453802
0.98880005,0.07661438,9.370911,1065528046341497
0.9708557,0.05506897,9.326614,1065528056198675
0.7876892,0.017959595,9.42717,1065528066086370
0.8307953,0.020355225,9.345764,1065528076004583
0.881073,0.008377075,9.301468,1065528085892279
0.7374115,-0.010772705,9.361328,1065528095779974
0.76734924,-0.02394104,9.343369,1065528105698187
0.79248047,-0.008377075,9.338577,1065528115585882
0.7445984,-0.0095825195,9.399643,1065528125473578
0.8918457,-0.0035858154,9.40921,1065528135361273
0.94091797,-0.0071868896,9.333801,1065528145248968
0.846344,0.02154541,9.370911,1065528155136663
0.806839,0.013168335,9.402023,1065528165054876
0.846344,-0.03112793,9.31105,1065528174942572
0.87268066,0.0011901855,9.337387,1065528184830267
0.94810486,0.08140564,9.362518,1065528194717962
0.980423,0.13168335,9.285904,1065528204605658
0.9133911,0.11253357,9.349365,1065528214523870
0.925354,0.09576416,9.306259,1065528224411566
0.92774963,0.061050415,9.339783,1065528234329779
0.94929504,-0.0035858154,9.393646,1065528244217474
0.95648193,0.0,9.342178,1065528254105169
0.87268066,-0.022750854,9.396042,1065528263992865
0.8774719,-0.04788208,9.36731,1065528273880560
0.9133911,-0.01914978,9.350555,1065528283768255
0.87867737,0.03112793,9.364914,1065528293686468
0.8559265,0.077804565,9.364914,1065528303543646
0.95529175,0.08380127,9.302673,1065528313461859
0.8559265,0.106536865,9.327805,1065528323349554
0.87028503,0.080200195,9.402023,1065528333237249
0.8547363,0.06225586,9.284714,1065528343124945
0.85113525,0.01914978,9.3589325,1065528353043158
0.9038086,-0.0011901855,9.32901,1065528362930853
0.89782715,0.0,9.368515,1065528372849066
0.9109955,-0.015563965,9.34816,1065528382736761
0.8966217,0.02394104,9.349365,1065528392624456
0.88705444,0.027526855,9.392456,1065528402512152
0.885849,-0.008377075,9.397247,1065528412399847
0.90859985,0.01675415,9.362518,1065528422287542
0.8774719,0.04069519,9.351746,1065528432175238
0.8666992,0.03112793,9.36731,1065528442093451
0.86790466,0.03112793,9.34697,1065528451950628
0.8607178,0.05267334,9.302673,1065528461868841
0.8547363,0.04788208,9.321823,1065528471756537
0.8487396,0.04069519,9.345764,1065528481644232
0.8439636,0.04788208,9.374496,1065528491562445
0.8523407,0.04309082,9.379288,1065528501450140
0.881073,0.0035858154,9.382874,1065528511337835
0.87028503,0.015563965,9.360138,1065528521256048
0.881073,0.010772705,9.343369,1065528531143744
0.8595123,0.01914978,9.34816,1065528541031439
0.90501404,0.011978149,9.34697,1065528550888617
0.88345337,0.034713745,9.337387,1065528560806829
0.87268066,0.0287323,9.340973,1065528570694525
0.8451538,0.032318115,9.345764,1065528580612738
0.84754944,0.034713745,9.364914,1065528590500433
0.8523407,0.027526855,9.342178,1065528600388128
0.8750763,0.03591919,9.351746,1065528610275824
0.8631134,0.049087524,9.397247,1065528620194037
0.8631134,0.032318115,9.362518,1065528630081732
0.8427582,0.022750854,9.364914,1065528639969427
0.8894501,0.011978149,9.32901,1065528649857122
0.9241638,0.0143585205,9.34697,1065528659744818
0.9169769,0.008377075,9.315842,1065528669632513
0.8894501,-0.015563965,9.300278,1065528679520208
0.8666992,-0.008377075,9.343369,1065528689407904
0.86909485,0.0095825195,9.363724,1065528699295599
0.8547363,-0.0023956299,9.403229,1065528709213812
0.86790466,0.027526855,9.384079,1065528719101507
0.8451538,0.06942749,9.361328,1065528729019720
0.8595123,0.089782715,9.350555,1065528738907415
0.86909485,0.063446045,9.308655,1065528748795111
0.8894501,0.051467896,9.338577,1065528758682806
0.88705444,0.04309082,9.331406,1065528768570501
0.8750763,0.027526855,9.372101,1065528778458197
0.881073,0.0023956299,9.404419,1065528788345892
0.8714905,-0.008377075,9.375687,1065528798264105
0.89901733,-0.011978149,9.355347,1065528808151800
0.920578,-0.0035858154,9.362518,1065528818039495
0.89782715,0.041900635,9.332596,1065528827957708
0.87028503,0.037109375,9.3302,1065528837845404
0.8750763,0.039505005,9.363724,1065528847702581
0.8882446,0.04309082,9.388855,1065528857620794
0.86790466,0.06225586,9.364914,1065528867508490
0.8774719,0.056259155,9.332596,1065528877396185
0.86190796,0.03831482,9.338577,1065528887283880
0.8571167,0.027526855,9.301468,1065528897202093
0.89064026,0.0,9.301468,1065528907089788
0.88345337,0.0071868896,9.31105,1065528917008001
0.8607178,0.0143585205,9.386475,1065528926895697
0.8822632,0.010772705,9.376892,1065528936752874
0.925354,0.0059814453,9.3589325,1065528946671087
0.9217682,0.0095825195,9.343369,1065528956558783
0.9169769,0.032318115,9.354141,1065528966446478
0.8750763,0.032318115,9.315842,1065528976364691
0.8607178,0.0287323,9.372101,1065528986252386
0.8547363,0.039505005,9.345764,1065528996140081
0.84036255,0.032318115,9.354141,1065529006027777
0.8451538,0.044296265,9.388855,1065529015915472
0.846344,0.051467896,9.351746,1065529025803167
0.846344,0.068237305,9.299072,1065529035690863
0.8774719,0.06942749,9.369705,1065529045578558
0.90979004,0.039505005,9.352951,1065529055496771
0.9026184,0.010772705,9.342178,1065529065384466
0.90740967,-0.0023956299,9.334991,1065529075272162
0.9109955,-0.03352356,9.375687,1065529085190374
0.9241638,-0.044296265,9.34816,1065529095078070
0.91937256,-0.02394104,9.354141,1065529104965765
0.8822632,0.011978149,9.357742,1065529114853460
0.8738861,0.011978149,9.375687,1065529124771673
0.8774719,0.04069519,9.386475,1065529134659369
0.8559265,0.04069519,9.387665,1065529144547064
0.8487396,0.05986023,9.332596,1065529154465277
0.8559265,0.056259155,9.355347,1065529164352972
0.85832214,0.04309082,9.342178,1065529174240667
0.87867737,0.04309082,9.339783,1065529184097845
0.9169769,0.041900635,9.351746,1065529194016058
0.90979004,0.03112793,9.342178,1065529203903753
0.9145813,-0.0071868896,9.3589325,1065529213821966
0.95648193,-0.02154541,9.338577,1065529223709662
0.91937256,-0.0023956299,9.339783,1065529233597357
0.8918457,0.0047912598,9.382874,1065529243485052
0.87028503,0.0143585205,9.351746,1065529253372747
0.86909485,0.03112793,9.339783,1065529263260443
0.8643036,0.058654785,9.364914,1065529273148138
0.86909485,0.089782715,9.34816,1065529283066351
0.86550903,0.094573975,9.344574,1065529292954046
0.8523407,0.084991455,9.3589325,1065529302841742
0.86909485,0.051467896,9.343369,1065529312729437
0.87867737,0.017959595,9.338577,1065529322617132
0.87986755,0.0071868896,9.385269,1065529332504828
0.9062042,0.0,9.379288,1065529342423040
0.91578674,0.0,9.344574,1065529352310736
0.89782715,-0.0047912598,9.343369,1065529362198431
0.90740967,0.025146484,9.363724,1065529372116644
0.89064026,0.039505005,9.361328,1065529382004339
0.87867737,0.034713745,9.339783,1065529391861517
0.84036255,0.044296265,9.380478,1065529401779730
0.8523407,0.058654785,9.396042,1065529411667425
0.86909485,0.037109375,9.342178,1065529421555120
0.88345337,0.049087524,9.352951,1065529431473333
0.8631134,0.04069519,9.34697,1065529441361029
0.87867737,0.06225586,9.315842,1065529451248724
0.8918457,0.06463623,9.331406,1065529461166937
0.9181824,0.06463623,9.318237,1065529471054632
0.9002228,0.07661438,9.357742,1065529480942328
0.8966217,0.08380127,9.345764,1065529490830023
0.920578,0.06225586,9.351746,1065529500717718
0.920578,0.0095825195,9.366119,1065529510605413
0.9038086,0.0,9.352951,1065529520493109
0.9181824,0.013168335,9.337387,1065529530411322
0.920578,0.03591919,9.349365,1065529540299017
0.9181824,0.05267334,9.363724,1065529550186712
0.9169769,0.04548645,9.333801,1065529560074408
0.9109955,0.041900635,9.393646,1065529569992620
0.9109955,0.07661438,9.363724,1065529579849798
0.90859985,0.087387085,9.334991,1065529589768011
0.8894501,0.084991455,9.326614,1065529599655706
0.8750763,0.08380127,9.364914,1065529609543402
0.90141296,0.073028564,9.333801,1065529619431097
0.8774719,0.061050415,9.379288,1065529629349310
0.87028503,0.070632935,9.351746,1065529639237005
0.8571167,0.061050415,9.334991,1065529649124701
0.885849,0.03591919,9.397247,1065529659012396
0.8882446,0.02394104,9.461884,1065529668930609
0.920578,0.03352356,9.193741,1065529678818304
0.9397278,0.041900635,9.331406,1065529688705999
0.9421234,0.020355225,9.374496,1065529698593695
0.9361267,0.061050415,9.325409,1065529708481390
0.91218567,0.09336853,9.370911,1065529718369085
0.9397278,0.096969604,9.339783,1065529728256781
0.9109955,0.07661438,9.355347,1065529738174994
0.8954315,0.08140564,9.339783,1065529748062689
0.86909485,0.051467896,9.36731,1065529757950384
0.8535309,0.053863525,9.303864,1065529767868597
0.86190796,0.065841675,9.324219,1065529777756292
0.8846588,0.101760864,9.336197,1065529787643988
0.89782715,0.07182312,9.336197,1065529797531683
0.8894501,0.068237305,9.379288,1065529807419378
0.9133911,0.068237305,9.363724,1065529817307074
0.9062042,0.07421875,9.360138,1065529827225287
0.8774719,0.06703186,9.36731,1065529837112982
0.8966217,0.058654785,9.360138,1065529847000677
0.9026184,0.0574646,9.334991,1065529856888372
0.89064026,0.05027771,9.339783,1065529866776068
0.8774719,0.073028564,9.361328,1065529876663763
0.87986755,0.084991455,9.366119,1065529886581976
0.8738861,0.092178345,9.366119,1065529896469671
0.87867737,0.07901001,9.370911,1065529906357367
0.90501404,0.080200195,9.345764,1065529916275579
0.8918457,0.08140564,9.339783,1065529926163275
0.89901733,0.082595825,9.360138,1065529936050970
0.89901733,0.07421875,9.363724,1065529945938665
0.91218567,0.0574646,9.364914,1065529955826361
0.9026184,0.046691895,9.355347,1065529965714056
0.8631134,0.041900635,9.368515,1065529975601751
0.8738861,0.051467896,9.357742,1065529985489447
0.9169769,0.07421875,9.325409,1065529995377142
0.89901733,0.08859253,9.36731,1065530005264837
0.8846588,0.094573975,9.369705,1065530015183050
0.8559265,0.096969604,9.374496,1065530025070745
0.86190796,0.077804565,9.357742,1065530034988958
0.89424133,0.070632935,9.327805,1065530044876654
0.8918457,0.084991455,9.34697,1065530054764349
0.87628174,0.073028564,9.368515,1065530064652044
0.885849,0.058654785,9.34697,1065530074539740
0.87986755,0.058654785,9.3589325,1065530084427435
0.8918457,0.04069519,9.344574,1065530094315130
0.9002228,0.058654785,9.3302,1065530104202826
0.8714905,0.073028564,9.34816,1065530114090521
0.8547363,0.0861969,9.370911,1065530124008734
0.87628174,0.05506897,9.360138,1065530133896429
0.89424133,0.063446045,9.372101,1065530143784124
0.87628174,0.053863525,9.325409,1065530153702337
0.87268066,0.046691895,9.356537,1065530163590033
0.9026184,0.03831482,9.3589325,1065530173477728
0.86909485,0.051467896,9.356537,1065530183365423
0.88345337,0.05986023,9.357742,1065530193253119
0.8966217,0.06463623,9.332596,1065530203140814
0.87028503,0.08859253,9.378082,1065530213059027
0.87028503,0.101760864,9.34697,1065530222946722
0.87268066,0.11253357,9.327805,1065530232834417
0.8666992,0.075424194,9.360138,1065530242752630
0.87867737,0.084991455,9.386475,1065530252640326
0.87268066,0.07421875,9.36731,1065530262528021
0.87628174,0.058654785,9.343369,1065530272415716
0.88345337,0.05027771,9.357742,1065530282303412
0.9002228,0.046691895,9.326614,1065530292191107
0.91937256,0.03591919,9.340973,1065530302109320
0.90859985,0.068237305,9.362518,1065530311997015
0.89064026,0.080200195,9.380478,1065530321884710
0.90979004,0.070632935,9.375687,1065530331802923
0.8882446,0.08140564,9.349365,1065530341690619
0.87268066,0.08859253,9.339783,1065530351578314
0.86190796,0.070632935,9.333801,1065530361466009
0.86909485,0.06463623,9.356537,1065530371384222
0.8571167,0.084991455,9.349365,1065530381271917
0.86190796,0.089782715,9.338577,1065530391159613
0.9169769,0.09576416,9.173386,1065530401047308
0.8822632,0.06225586,9.411606,1065530410935003
0.85832214,0.077804565,9.378082,1065530420822699
0.90501404,0.065841675,9.299072,1065530430710394
0.91578674,0.04788208,9.375687,1065530440598089
0.90740967,0.058654785,9.349365,1065530450485785
0.9109955,0.049087524,9.352951,1065530460403997
0.87628174,0.02394104,9.372101,1065530470291693
0.8774719,0.037109375,9.470261,1065530480179388
0.8750763,0.063446045,9.473862,1065530490097601
0.86909485,0.077804565,9.452301,1065530499985296
0.8595123,0.06942749,9.337387,1065530509872992
0.826004,0.094573975,9.379288,1065530519760687
0.83317566,0.082595825,9.337387,1065530529648382
0.86550903,0.070632935,9.331406,1065530539566595
0.8954315,0.06942749,9.352951,1065530549454290
0.88345337,0.07182312,9.320633,1065530559341986
0.87268066,0.073028564,9.320633,1065530569229681
0.90141296,0.065841675,9.378082,1065530579117376
0.9038086,0.065841675,9.343369,1065530589035589
0.885849,0.05027771,9.3589325,1065530598923285
0.885849,0.049087524,9.387665,1065530608810980
0.8774719,0.063446045,9.343369,1065530618729193
0.9026184,0.053863525,9.352951,1065530628616888
0.87986755,0.084991455,9.349365,1065530638504583
0.86909485,0.096969604,9.360138,1065530648422796
0.8774719,0.118515015,9.340973,1065530658310492
0.86190796,0.08140564,9.355347,1065530668167669
0.89424133,0.075424194,9.351746,1065530678085882
0.8666992,0.06703186,9.344574,1065530687973578
0.87867737,0.05986023,9.354141,1065530697861273
0.8774719,0.07661438,9.350555,1065530707779486
0.8846588,0.065841675,9.386475,1065530717667181
0.8774719,0.061050415,9.366119,1065530727524359
0.90501404,0.087387085,9.333801,1065530737442572
0.89901733,0.075424194,9.366119,1065530747330267
0.9002228,0.056259155,9.360138,1065530757217962
0.8954315,0.061050415,9.362518,1065530767105658
0.8918457,0.073028564,9.349365,1065530777023870
