0.486692,0.13212502,9.793674,1065520368736338
0.48732156,0.13243075,9.793639,1065520378624034
0.48804078,0.133112,9.793594,1065520388542247
0.48852038,0.13349472,9.793565,1065520398429942
0.4883909,0.13401093,9.793565,1065520408317637
0.4885691,0.1339066,9.793557,1065520418174815
0.48889762,0.13374509,9.793543,1065520428093028
0.4884743,0.13386074,9.793562,1065520437980723
0.4881301,0.13384435,9.79358,1065520447837901
0.4882128,0.13389571,9.793575,1065520457756114
0.48806643,0.13424107,9.793577,1065520467643809
0.48829204,0.13444628,9.793563,1065520477562022
0.48813426,0.1348246,9.793566,1065520487449717
0.48838657,0.13488601,9.793552,1065520497337413
0.48886105,0.13498619,9.793528,1065520507225108
0.48935762,0.13492717,9.793504,1065520517112803
0.48981878,0.13495304,9.79348,1065520527031016
0.48960403,0.13524866,9.793487,1065520536918711
0.48934624,0.13569702,9.793493,1065520546806407
0.48956648,0.13617668,9.793476,1065520556694102
0.48961604,0.136681,9.793467,1065520566581797
0.48955414,0.13714212,9.793463,1065520576469493
0.48978278,0.13755722,9.793446,1065520586387706
0.49012014,0.13749371,9.793429,1065520596275401
0.49033457,0.13720372,9.793423,1065520606193614
0.49012226,0.13708058,9.793435,1065520616081309
0.49039513,0.13737328,9.793418,1065520625969004
0.49050048,0.13770011,9.793407,1065520635856700
0.4905924,0.13791187,9.7934,1065520645744395
0.4907843,0.13779406,9.793392,1065520655632090
0.4908421,0.13766512,9.793391,1065520665519786
0.49107176,0.13793676,9.793376,1065520675407481
0.49105668,0.13802746,9.793375,1065520685325694
0.49094817,0.13835396,9.793376,1065520695213389
0.49121365,0.13881968,9.793356,1065520705101084
0.4912255,0.13899882,9.793353,1065520714988780
0.4909729,0.13906662,9.793365,1065520724876475
0.4905158,0.13877904,9.793392,1065520734794688
0.49072474,0.13863817,9.793384,1065520744712901
0.4907343,0.13856581,9.793384,1065520754570079
0.49055097,0.13841245,9.793395,1065520764488291
0.4899095,0.1382317,9.793429,1065520774375987
0.4897277,0.13851468,9.793435,1065520784263682
0.48988134,0.13905194,9.79342,1065520794151377
0.49020088,0.13918759,9.793402,1065520804039073
0.49052107,0.13918914,9.7933855,1065520813957286
0.49026027,0.1392807,9.793397,1065520823875498
0.49016353,0.13919318,9.793404,1065520833763194
0.48995623,0.13931939,9.793412,1065520843650889
0.48968244,0.1391463,9.793428,1065520853538584
0.49010354,0.13911413,9.793407,1065520863395762
0.4904311,0.13897377,9.793393,1065520873283457
0.4904399,0.13889794,9.793394,1065520883171153
0.49076882,0.13872647,9.79338,1065520893089366
0.4913303,0.13845952,9.793355,1065520902977061
0.49188298,0.13811772,9.793332,1065520912895274
0.49148762,0.13789293,9.793356,1065520922782969
0.49111053,0.13790673,9.793374,1065520932670665
0.490737,0.13797854,9.793392,1065520942588877
0.4906282,0.13784625,9.793399,1065520952476573
0.49050248,0.13799939,9.793404,1065520962364268
0.4903217,0.13820773,9.793409,1065520972282481
0.48997712,0.13812442,9.793428,1065520982139659
0.48977515,0.1381425,9.793438,1065520992027354
0.4900241,0.13785428,9.793429,1065521001915049
0.48975027,0.13774276,9.793445,1065521011802745
0.48981693,0.1373315,9.7934475,1065521021690440
0.49056214,0.13715146,9.793412,1065521031608653
0.49112597,0.13711135,9.793385,1065521041465831
0.49144337,0.13698545,9.79337,1065521051384043
0.4913788,0.13725436,9.79337,1065521061271739
0.49109006,0.13749662,9.793381,1065521071189952
0.4910803,0.13787101,9.793376,1065521081108165
0.49139374,0.13806297,9.793358,1065521090995860
0.49105158,0.1377796,9.793379,1065521100883555
0.49155694,0.13763408,9.793356,1065521110771250
0.49189746,0.13747261,9.793341,1065521120658946
0.4920583,0.13763107,9.79333,1065521130546641
0.4929994,0.13742118,9.793286,1065521140434336
0.49373457,0.13732874,9.79325,1065521150352549
0.49365315,0.13751751,9.793252,1065521160240245
0.49354967,0.13793267,9.793251,1065521170158457
0.49382746,0.13806923,9.793236,1065521180046153
0.49411494,0.13830104,9.793218,1065521189933848
0.494278,0.13843559,9.793207,1065521199821543
0.4946668,0.13886413,9.793181,1065521209709239
0.49451014,0.1390786,9.793186,1065521219596934
0.4944076,0.13903365,9.793193,1065521229515147
0.49509,0.13900383,9.793159,1065521239402842
0.49560177,0.13914795,9.793131,1065521249290538
0.4959111,0.13919598,9.793114,1065521259178233
0.49651268,0.1388596,9.793088,1065521269096446
0.49658257,0.13878167,9.793086,1065521278984141
0.4965625,0.1390324,9.793083,1065521288871836
0.4969085,0.1389834,9.793067,1065521298759532
0.4972524,0.13882175,9.793052,1065521308647227
0.4971193,0.13895941,9.7930565,1065521318534922
0.49689782,0.13922699,9.793064,1065521328453135
0.496696,0.13952668,9.79307,1065521338340831
0.4963239,0.13977773,9.793085,1065521348228526
0.49619225,0.13991155,9.79309,1065521358116221
0.49613914,0.13990273,9.793093,1065521368003916
0.49604735,0.13956526,9.793102,1065521377922129
0.49588242,0.13977346,9.793107,1065521387809825
0.49569145,0.13968489,9.7931185,1065521397697520
0.49577564,0.13945112,9.793118,1065521407585215
0.49600774,0.13961425,9.793103,1065521417503428
0.49614355,0.13983665,9.793094,1065521427391123
0.49634674,0.13989103,9.793082,1065521437278819
0.49670547,0.1394822,9.79307,1065521447166514
0.49685064,0.1391963,9.793066,1065521457054209
0.49674708,0.13910533,9.793073,1065521466941905
0.4970537,0.13920954,9.793056,1065521476860118
0.49726954,0.13934153,9.793043,1065521486747813
0.49739945,0.13980933,9.79303,1065521496635508
0.4977484,0.14024441,9.793006,1065521506523204
0.49834418,0.14057636,9.792971,1065521516410899
0.4986616,0.14112014,9.792947,1065521526298594
0.49812388,0.14075243,9.792979,1065521536216807
0.4972017,0.14055188,9.793029,1065521546104502
0.49693567,0.1402444,9.793047,1065521555992198
0.49739194,0.13997796,9.793028,1065521565879893
0.49860984,0.13968264,9.79297,1065521575767588
0.49946547,0.13939172,9.792931,1065521585655284
0.500221,0.13925827,9.792894,1065521595542979
0.50097585,0.13935019,9.792854,1065521605430674
0.5009398,0.13917941,9.792858,1065521615348887
0.50021285,0.13901058,9.792898,1065521625267100
0.4997783,0.13888726,9.792922,1065521635154795
0.49932,0.13884455,9.792946,1065521645042491
0.49922237,0.1389654,9.792949,1065521654930186
0.49954206,0.13892204,9.792933,1065521664817881
0.5000699,0.13907601,9.792904,1065521674705577
0.5008013,0.13920102,9.792865,1065521684593272
0.5010427,0.1393668,9.7928505,1065521694480967
0.50126135,0.13906878,9.792844,1065521704368663
0.50152475,0.13885066,9.792833,1065521714286875
0.50092643,0.13837905,9.7928705,1065521724174571
0.5006847,0.13815145,9.792886,1065521734092784
0.50070924,0.1376066,9.792892,1065521743949961
0.50064427,0.13741778,9.792898,1065521753837657
0.5003902,0.13729827,9.792913,1065521763755870
0.5004498,0.13761094,9.792906,1065521773643565
0.5008028,0.1383713,9.792877,1065521783531260
0.50113654,0.13859843,9.792856,1065521793418956
0.50099635,0.13854274,9.792865,1065521803337168
0.5007665,0.1389707,9.7928705,1065521813255381
0.50045645,0.13923559,9.792882,1065521823143077
0.4999598,0.1389473,9.792912,1065521833000254
0.49998945,0.13849296,9.792916,1065521842887950
0.49989656,0.13824749,9.792925,1065521852806163
0.49968332,0.13798538,9.792939,1065521862724375
0.49963653,0.13810433,9.79294,1065521872581553
0.50028217,0.13790475,9.79291,1065521882438731
0.50046945,0.13789305,9.792901,1065521892356944
0.50052094,0.13824318,9.792893,1065521902275157
0.50032467,0.13860889,9.792898,1065521912193370
0.500256,0.13906951,9.792895,1065521922081065
0.50033575,0.1392282,9.792889,1065521931938243
0.500204,0.13916449,9.792896,1065521941856456
0.49981818,0.13930716,9.792913,1065521951744151
0.49947608,0.13943318,9.79293,1065521961631846
0.49906993,0.13924247,9.792953,1065521971550059
0.4995319,0.13906822,9.792932,1065521981437754
0.5002237,0.13906059,9.792896,1065521991325450
0.50088066,0.13898666,9.792864,1065522001213145
0.50110835,0.13892601,9.792853,1065522011100840
0.50148946,0.1387821,9.792836,1065522020988536
0.5020577,0.13852622,9.79281,1065522030906748
0.50225246,0.13860801,9.792799,1065522040763926
0.50211465,0.13876218,9.792804,1065522050651622
0.5020495,0.13893299,9.792805,1065522060569834
0.5024813,0.13896522,9.792783,1065522070427012
0.5023068,0.1391759,9.7927885,1065522080345225
0.5019352,0.1394378,9.792804,1065522090263438
0.5013601,0.13985817,9.792828,1065522100151133
0.5009629,0.14007077,9.792845,1065522110038829
0.5008006,0.14012493,9.792852,1065522119926524
0.5007779,0.1399308,9.792856,1065522129814219
0.5013015,0.13963301,9.792833,1065522139701915
0.50159615,0.13969675,9.792817,1065522149620127
0.50203514,0.13993889,9.792791,1065522159507823
0.5025086,0.13954827,9.792773,1065522169426036
0.50242716,0.13933764,9.79278,1065522179313731
0.5019672,0.1393486,9.792804,1065522189170909
0.5021701,0.13914339,9.792796,1065522199089122
0.50425315,0.13891944,9.792692,1065522208976817
0.5063272,0.13901515,9.792583,1065522218864512
0.5073148,0.13910091,9.792531,1065522228782725
0.5076416,0.1392244,9.792513,1065522238670420
0.50729144,0.13892448,9.792535,1065522248527598
0.5074099,0.1385683,9.792534,1065522258445811
0.5081643,0.1386059,9.792495,1065522268364024
0.50943774,0.13821101,9.792434,1065522278251719
0.5105939,0.13780724,9.792379,1065522288139415
0.51112485,0.13782088,9.792352,1065522298027110
0.51149386,0.1380621,9.792329,1065522307914805
0.5113001,0.13831525,9.7923355,1065522317833018
0.5104017,0.13830934,9.792382,1065522327720713
0.50985587,0.13834783,9.79241,1065522337608409
0.50993943,0.1383094,9.792406,1065522347496104
0.50971407,0.13833806,9.792418,1065522357383799
0.510453,0.13828474,9.792379,1065522367271495
0.51205707,0.13848943,9.792294,1065522377189707
0.51292706,0.13853319,9.792247,1065522387077403
0.5132507,0.13809301,9.792236,1065522396965098
0.51366,0.13795084,9.792217,1065522406883311
0.5134798,0.13757783,9.792232,1065522416740489
0.51295,0.13732013,9.792263,1065522426658702
0.5130403,0.13709566,9.792261,1065522436515879
0.5127078,0.13685842,9.792282,1065522446373057
0.51241165,0.13654281,9.792302,1065522456321788
0.5125413,0.13636541,9.792297,1065522466209483
0.5128611,0.13615717,9.792284,1065522476097178
0.5125501,0.13595013,9.792303,1065522485984873
0.5126556,0.13578865,9.792299,1065522495903086
0.5123546,0.13553597,9.792319,1065522505790782
0.5119555,0.1351255,9.792345,1065522515708995
0.51199853,0.13515165,9.792343,1065522525596690
0.51223254,0.13493143,9.792334,1065522535453868
0.51189023,0.13452165,9.792357,1065522545372081
0.5114858,0.13399528,9.792385,1065522555259776
0.5112177,0.13337968,9.792408,1065522565147471
0.51030374,0.1329538,9.792461,1065522575035166
0.5097555,0.1323036,9.792499,1065522584922862
0.50930333,0.13219441,9.792523,1065522594810557
0.50926006,0.13238475,9.792523,1065522604698252
0.5100065,0.1324309,9.792484,1065522614585948
0.5108569,0.1320302,9.792445,1065522624473643
0.5110471,0.1311207,9.792447,1065522634361338
0.5116779,0.13041094,9.792424,1065522644279551
0.5133786,0.12939028,9.792349,1065522654197764
0.51445824,0.1280657,9.792309,1065522664115977
0.51432043,0.12697445,9.792331,1065522674003672
0.51253015,0.12613145,9.792436,1065522683891368
0.511327,0.12507533,9.792512,1065522693748545
0.5111885,0.12413597,9.792531,1065522703666758
0.51181245,0.1232925,9.792509,1065522713554454
0.51315904,0.122664094,9.792446,1065522723442149
0.5141128,0.12228425,9.792401,1065522733329844
0.51450425,0.12224365,9.792381,1065522743248057
0.5145705,0.12193233,9.792381,1065522753135752
0.5146579,0.12167701,9.79238,1065522763023448
0.5145968,0.12150491,9.792385,1065522772941661
0.515041,0.121027194,9.792368,1065522782829356
0.51650375,0.12035918,9.792299,1065522792717051
0.5174928,0.11948262,9.792257,1065522802604747
0.5197935,0.11860798,9.792147,1065522812492442
0.52182287,0.117743365,9.792049,1065522822410655
0.52404517,0.11700792,9.791939,1065522832298350
0.5266527,0.116121955,9.79181,1065522842186045
0.5294962,0.11562126,9.791662,1065522852073741
0.53304684,0.11519753,9.791474,1065522861961436
0.5381683,0.11498957,9.791197,1065522871849131
0.5437975,0.11493209,9.790887,1065522881767344
0.5485676,0.11487906,9.790621,1065522891655040
0.5526326,0.11436536,9.790399,1065522901542735
0.5576179,0.11366252,9.790124,1065522911430430
0.56338984,0.11297655,9.789802,1065522921318125
0.56900597,0.11235154,9.789484,1065522931236338
0.5739773,0.111893244,9.789199,1065522941093516
0.5791995,0.11154185,9.788896,1065522951011729
0.58784497,0.11112267,9.788384,1065522960899424
0.5977025,0.11031927,9.787797,1065522970787120
0.6048567,0.10927808,9.787369,1065522980705332
0.6081934,0.10830654,9.787173,1065522990593028
0.60788304,0.10710155,9.787206,1065523000480723
0.6009702,0.10545954,9.78765,1065523010368418
0.5973929,0.10522458,9.787872,1065523020256114
0.6041657,0.10554969,9.787453,1065523030174327
0.61631125,0.10567432,9.786695,1065523040031504
0.6209025,0.10592734,9.786401,1065523049919200
0.62005323,0.10596306,9.786454,1065523059806895
0.62050307,0.1061115,9.786425,1065523069694590
0.62125146,0.106408805,9.786374,1065523079582286
0.6224027,0.10656888,9.786299,1065523089500498
0.6220914,0.106187366,9.786323,1065523099418711
0.6188229,0.10501556,9.786543,1065523109336924
0.6149912,0.10353395,9.7868,1065523119224620
0.6186724,0.10378413,9.786566,1065523129112315
0.61988276,0.10387531,9.786488,1065523139000010
0.623513,0.10406242,9.786255,1065523148857188
0.62864166,0.1043301,9.785924,1065523158775401
0.6328954,0.1046628,9.785646,1065523168693614
0.6353645,0.105116226,9.785481,1065523178581309
0.64012134,0.10615756,9.78516,1065523188469004
0.646394,0.10664487,9.784742,1065523198356700
0.65340847,0.10651354,9.784278,1065523208244395
0.6615052,0.10622315,9.783737,1065523218162608
0.6675032,0.1054922,9.783338,1065523228050303
0.6704894,0.10456964,9.783143,1065523237937998
0.6732087,0.1045073,9.782957,1065523247825694
0.6742539,0.10513133,9.782879,1065523257743907
0.67429847,0.105920225,9.782867,1065523267601084
0.67374593,0.10646056,9.782899,1065523277458262
0.6750266,0.10679986,9.782807,1065523287376475
0.6800834,0.10695342,9.782455,1065523297264170
0.68828803,0.106207386,9.78189,1065523307182383
0.6982864,0.10434065,9.781201,1065523317070079
0.7129799,0.10290702,9.780156,1065523326957774
0.7245864,0.10143569,9.779319,1065523336845469
0.73155576,0.10078802,9.778807,1065523346763682
0.7367913,0.10199595,9.7784,1065523356651377
0.7421275,0.10331442,9.777984,1065523366569590
0.74814963,0.10419428,9.777515,1065523376457286
0.7530109,0.10512846,9.777132,1065523386344981
0.75551367,0.10587222,9.776931,1065523396232676
0.755519,0.10573398,9.776932,1065523406120372
0.7549998,0.10528743,9.776977,1065523416008067
0.75559926,0.10604512,9.776922,1065523425895762
0.7574512,0.10711432,9.776768,1065523435813975
0.7605737,0.10764889,9.776519,1065523445701670
0.7634642,0.10752988,9.776295,1065523455589366
0.7647837,0.106926665,9.776198,1065523465477061
0.76291543,0.10615275,9.776353,1065523475364756
0.7589398,0.10543704,9.77667,1065523485282969
0.7548484,0.10418691,9.777,1065523495170665
0.7509147,0.1010686,9.777336,1065523505058360
0.7482676,0.098655045,9.777564,1065523514976573
0.74726504,0.09876436,9.777639,1065523524833750
0.7489891,0.09903277,9.777505,1065523534690928
0.75312555,0.09810767,9.777196,1065523544609141
0.75801724,0.09701434,9.776829,1065523554527354
0.7634533,0.0971024,9.776405,1065523564415049
0.76845676,0.09793967,9.776005,1065523574333262
0.7724477,0.09774408,9.775692,1065523584220957
0.77793425,0.09568363,9.775277,1065523594108653
0.78596157,0.09372615,9.774654,1065523603996348
0.7951948,0.09454607,9.7739,1065523613914561
0.8021423,0.09650717,9.773313,1065523623802256
0.8046324,0.0962275,9.77311,1065523633659434
0.8035849,0.09449985,9.773213,1065523643516612
0.80029505,0.09316836,9.773497,1065523653434825
0.79650855,0.09328173,9.773805,1065523663322520
0.7930113,0.094204575,9.77408,1065523673240733
0.7910391,0.0944694,9.774238,1065523683158946
0.79173565,0.09356318,9.77419,1065523693046641
0.79344314,0.091888726,9.774067,1065523702964854
0.7959673,0.090888985,9.773871,1065523712852549
0.8001855,0.09205111,9.773516,1065523722709727
0.80667156,0.0933578,9.77297,1065523732566905
0.8166126,0.093343444,9.772145,1065523742485118
0.82699543,0.09347997,9.771271,1065523752372813
0.8346043,0.093909904,9.770619,1065523762291026
0.8388824,0.09276752,9.770264,1065523772178721
0.8407494,0.09008702,9.770128,1065523782096934
0.8416457,0.088169806,9.770069,1065523791984629
0.8433677,0.08823994,9.769919,1065523801872325
0.8456529,0.089324884,9.769712,1065523811760020
0.8485731,0.089851946,9.769454,1065523821678233
0.85387313,0.09008612,9.7689905,1065523831535411
0.85924053,0.09134061,9.768508,1065523841423106
0.86303985,0.09252484,9.768162,1065523851341319
0.868694,0.09301672,9.767656,1065523861229014
0.87340266,0.09299518,9.767237,1065523871116709
0.8749331,0.09200734,9.767109,1065523881034922
0.8752052,0.090709835,9.7670965,1065523890922618
0.87732553,0.09048296,9.766909,1065523900810313
0.8814754,0.09122324,9.766528,1065523910698008
0.8853455,0.09164534,9.766174,1065523920616221
0.8896046,0.09176711,9.765785,1065523930503916
0.8937138,0.09227654,9.765406,1065523940391612
0.8955907,0.09264176,9.76523,1065523950279307
0.8939329,0.091687284,9.765391,1065523960167002
0.89241827,0.090022,9.765545,1065523970085215
0.89302754,0.08882432,9.7655,1065523979972911
0.89708006,0.08868796,9.76513,1065523989860606
0.90170246,0.0885313,9.764706,1065523999748301
0.9035472,0.08704885,9.764548,1065524009666514
0.9054331,0.085698925,9.764386,1065524019554209
0.9089761,0.08600691,9.764054,1065524029441905
0.91271096,0.086800896,9.763699,1065524039329600
0.91493225,0.08660312,9.763493,1065524049217295
0.9154584,0.085294455,9.763454,1065524059135508
0.9163618,0.084035054,9.763381,1065524069023204
0.9189128,0.084111676,9.763141,1065524078910899
0.92391396,0.08533813,9.762658,1065524088798594
0.9288879,0.08583511,9.762181,1065524098686290
0.93188393,0.08514707,9.761902,1065524108604502
0.9331694,0.08471487,9.761783,1065524118461680
0.9357127,0.08520174,9.761536,1065524128379893
0.93843436,0.085211225,9.761274,1065524138267588
0.93917704,0.08404585,9.761212,1065524148155284
0.9370545,0.08203459,9.761434,1065524158042979
0.93473744,0.08082838,9.761666,1065524167961192
0.9328823,0.080711596,9.761845,1065524177818370
0.93122226,0.080452815,9.762005,1065524187675547
0.93017876,0.07961382,9.762112,1065524197593760
0.931802,0.079214975,9.76196,1065524207481456
0.9330391,0.078935415,9.761844,1065524217399668
0.9355835,0.079066746,9.7616,1065524227317881
0.9389508,0.0785162,9.76128,1065524237205577
0.9415078,0.0753776,9.761059,1065524247093272
0.9407663,0.07231846,9.761153,1065524256980967
0.9396187,0.073121965,9.761258,1065524266868663
0.93963486,0.07564854,9.761237,1065524276756358
0.94121075,0.07579668,9.761085,1065524286644053
0.9438473,0.07524794,9.760834,1065524296531748
0.9450354,0.07555835,9.760716,1065524306449961
0.94208235,0.07651322,9.760995,1065524316368174
0.93711007,0.07761807,9.761464,1065524326255870
0.9335891,0.07739986,9.761804,1065524336143565
0.9336083,0.07667401,9.761807,1065524346031260
0.9376571,0.07692669,9.761417,1065524355918956
0.94183654,0.07754728,9.76101,1065524365837168
0.9433162,0.07816777,9.760862,1065524375724864
0.94209737,0.0786667,9.760976,1065524385612559
0.9408683,0.079083525,9.761091,1065524395500254
0.9422944,0.080078505,9.760945,1065524405387950
0.9433148,0.08091471,9.76084,1065524415275645
0.94244426,0.081047155,9.760923,1065524425163340
0.93994856,0.08077092,9.761166,1065524435081553
0.93529296,0.08005789,9.761619,1065524444969248
0.9313616,0.079519674,9.761999,1065524454856944
0.9317293,0.07957983,9.761964,1065524464744639
0.93304044,0.07939545,9.76184,1065524474632334
0.93652546,0.079496235,9.761505,1065524484520030
0.9410044,0.080199644,9.761069,1065524494438243
0.94191647,0.080153696,9.760982,1065524504325938
0.9405545,0.07966957,9.761117,1065524514244151
0.9389799,0.07942005,9.7612705,1065524524131846
0.9399037,0.07969303,9.761179,1065524534019541
0.94260854,0.080398545,9.760913,1065524543907237
0.94377565,0.08087584,9.760796,1065524553794932
0.9437616,0.08095252,9.760797,1065524563682627
0.94262475,0.080668256,9.760909,1065524573570323
0.94173604,0.0803531,9.760997,1065524583488536
0.9426352,0.08061317,9.760908,1065524593376231
0.94399214,0.081066504,9.760774,1065524603263926
0.94632185,0.08141465,9.760545,1065524613151622
0.9493154,0.08170461,9.760252,1065524623039317
0.95076704,0.08168448,9.760111,1065524632957530
0.9522556,0.0814594,9.759967,1065524642845225
0.95365584,0.0809762,9.759834,1065524652732920
0.9539096,0.08048619,9.759814,1065524662620616
0.9543319,0.08042523,9.759773,1065524672508311
0.9545536,0.080728084,9.759748,1065524682396006
0.955796,0.081015475,9.7596245,1065524692283702
0.9579574,0.0810868,9.759413,1065524702201915
0.95777017,0.08049253,9.759436,1065524712089610
0.95590013,0.07972215,9.759625,1065524721977305
0.95234156,0.078801975,9.759981,1065524731865000
0.95034295,0.078490645,9.760178,1065524741752696
0.9496751,0.078983106,9.760239,1065524751640391
0.9495484,0.07904579,9.760251,1065524761558604
0.9490606,0.07856897,9.760303,1065524771446299
0.9457852,0.07815604,9.760623,1065524781333995
0.94304824,0.0786514,9.760884,1065524791252207
0.9414355,0.07942973,9.761034,1065524801139903
0.94063735,0.079754114,9.761108,1065524811027598
0.9429771,0.08040749,9.760877,1065524820915293
0.94626194,0.08122647,9.760552,1065524830802989
0.9458968,0.08061992,9.760592,1065524840690684
0.94747704,0.08010359,9.760444,1065524850578379
0.9512474,0.08062776,9.760073,1065524860496592
0.9541509,0.08122261,9.759784,1065524870384288
0.95523995,0.0812919,9.759677,1065524880271983
0.9562187,0.080921754,9.759584,1065524890190196
0.9560708,0.08046819,9.759603,1065524900077891
0.95344645,0.07985706,9.759864,1065524909935069
0.9504579,0.07926628,9.76016,1065524919853282
0.9483685,0.079207286,9.760365,1065524929740977
0.9478807,0.07948206,9.760409,1065524939659190
0.951958,0.08005044,9.760008,1065524949546885
0.9575579,0.080569975,9.759456,1065524959434581
0.9608508,0.08037563,9.759134,1065524969322276
0.9608163,0.079393595,9.759145,1065524979209971
0.9589,0.07842753,9.759341,1065524989097666
0.9575862,0.07818699,9.759473,1065524999015879
0.957859,0.078451954,9.759443,1065525008903575
0.9593365,0.07885792,9.759295,1065525018791270
0.9621779,0.079616964,9.759009,1065525028678965
0.96457815,0.08076394,9.758763,1065525038566661
0.9638895,0.08116649,9.758827,1065525048454356
0.9643671,0.08143293,9.758779,1065525058342051
0.96742535,0.08286339,9.758464,1065525068260264
0.9726296,0.084786184,9.75793,1065525078147959
0.97783846,0.08619165,9.757397,1065525088035655
0.97873914,0.08610753,9.757307,1065525097953868
0.97441363,0.08486877,9.7577505,1065525107841563
0.97067547,0.084445834,9.758127,1065525117729258
0.9678455,0.084720105,9.758406,1065525127616954
0.9678382,0.08490803,9.758405,1065525137504649
0.9700131,0.08502003,9.758188,1065525147422862
0.974997,0.08539471,9.757688,1065525157310557
0.97476685,0.084371164,9.75772,1065525167228770
0.97138566,0.082670644,9.758072,1065525177116465
0.968268,0.08191064,9.758388,1065525187004161
0.9667049,0.0815865,9.758546,1065525196891856
0.9643968,0.08212013,9.75877,1065525206779551
0.9655883,0.084457606,9.758632,1065525216697764
0.9626692,0.08508909,9.758915,1065525226585459
0.95902824,0.08488117,9.7592745,1065525236473155
0.95539284,0.08567069,9.7596245,1065525246391368
0.9517593,0.08593887,9.759977,1065525256279063
0.95559853,0.0863191,9.759599,1065525266136241
0.95895505,0.08529748,9.759278,1065525276054454
0.9608585,0.08333661,9.759109,1065525285942149
0.9604759,0.0823534,9.759154,1065525295829844
0.9587539,0.08262026,9.759321,1065525305748057
0.9550641,0.08246224,9.759685,1065525315635752
0.94988555,0.08184925,9.760195,1065525325523448
0.94486684,0.08228312,9.760678,1065525335411143
0.94010293,0.08315144,9.761131,1065525345298838
0.93400073,0.08240318,9.7617235,1065525355217051
0.9316463,0.081042595,9.76196,1065525365074229
0.9306616,0.08094684,9.762054,1065525374992442
0.9288035,0.08247254,9.762218,1065525384880137
0.9238357,0.0841925,9.762675,1065525394798350
0.9206256,0.08497582,9.762972,1065525404686045
0.9300094,0.08586231,9.762074,1065525414573741
0.9431016,0.08653494,9.760813,1065525424461436
0.95240384,0.08630213,9.759912,1065525434349131
0.9451328,0.08411699,9.760637,1065525444236827
0.93186945,0.08335197,9.761919,1065525454155040
0.91656697,0.08635692,9.763341,1065525464042735
0.90915245,0.09008535,9.764001,1065525473930430
0.9184196,0.09159072,9.76312,1065525483818125
0.93332183,0.09235015,9.761699,1065525493705821
0.9433657,0.09369762,9.760721,1065525503593516
0.9449389,0.091283984,9.7605915,1065525513511729
0.94211924,0.086415194,9.760908,1065525523399424
0.9366742,0.083535746,9.761457,1065525533287120
0.9298755,0.08226842,9.762118,1065525543174815
0.9272768,0.08311136,9.762359,1065525553062510
0.9251065,0.08435586,9.762553,1065525562950206
0.9225469,0.08480346,9.762792,1065525572837901
0.9224891,0.08625926,9.762784,1065525582756114
0.9240266,0.087983415,9.762624,1065525592643809
0.92404276,0.08816634,9.762621,1065525602531504
0.92513615,0.0875426,9.762523,1065525612449717
0.92918175,0.08745641,9.762139,1065525622337413
0.92804945,0.08510081,9.762268,1065525632225108
0.92735046,0.08243543,9.762357,1065525642112803
0.92924327,0.081928425,9.762181,1065525652000498
0.9296342,0.08238534,9.76214,1065525661888194
0.92771393,0.08291519,9.762319,1065525671775889
0.92441666,0.08324758,9.762629,1065525681663584
0.9216225,0.08399513,9.762886,1065525691551280
0.9231457,0.08646173,9.762721,1065525701469493
0.9256912,0.08896886,9.762457,1065525711357188
0.9271249,0.09009059,9.762311,1065525721244883
0.9270751,0.090570375,9.762311,1065525731163096
0.9284746,0.09205517,9.762164,1065525741050791
0.9333888,0.09418821,9.761675,1065525750938487
0.9395729,0.09592195,9.761065,1065525760826182
0.94443005,0.098060995,9.760575,1065525770713877
0.94962424,0.10087652,9.760042,1065525780601573
0.95506155,0.102319434,9.759497,1065525790489268
0.95650613,0.1010088,9.759369,1065525800407481
0.95579386,0.09943568,9.759455,1065525810295176
0.95493096,0.09951676,9.759539,1065525820213389
0.95415634,0.10023629,9.759607,1065525830101084
0.9533154,0.099646844,9.759695,1065525839988780
0.9516955,0.09779487,9.7598715,1065525849876475
0.95015764,0.09661028,9.760034,1065525859764170
0.9505227,0.0962281,9.760002,1065525869651866
0.95031774,0.09608741,9.760023,1065525879539561
0.9498193,0.09613507,9.760071,1065525889457774
0.9510099,0.096403435,9.759953,1065525899345469
0.953958,0.09712639,9.759658,1065525909233165
0.95596224,0.09716946,9.759461,1065525919120860
0.95751196,0.09620364,9.759318,1065525929008555
0.9586915,0.095246516,9.7592125,1065525938896250
0.9594952,0.094524056,9.75914,1065525948783946
0.96176547,0.09441661,9.758918,1065525958702159
0.9657569,0.09539192,9.758514,1065525968589854
0.96881557,0.09662436,9.758199,1065525978477549
0.9711476,0.09730696,9.75796,1065525988365245
0.9721685,0.09700272,9.757862,1065525998283457
0.9749757,0.097000755,9.757582,1065526008171153
0.97853804,0.09772433,9.757217,1065526018058848
0.98173916,0.09856171,9.756887,1065526027946543
0.9829202,0.09861373,9.756768,1065526037864756
0.98347855,0.09801442,9.756719,1065526047752452
0.98349327,0.097025126,9.756726,1065526057640147
0.9836751,0.09614645,9.756717,1065526067527842
0.98302555,0.095132664,9.756792,1065526077446055
0.9809425,0.09379279,9.757015,1065526087333750
0.97870314,0.09246314,9.757253,1065526097221446
0.97646403,0.09115779,9.757489,1065526107109141
0.9740213,0.089786306,9.757746,1065526116996836
0.9718556,0.08883205,9.757971,1065526126915049
0.97079444,0.08844073,9.75808,1065526136802745
0.9699493,0.08796504,9.758168,1065526146690440
0.96831393,0.08687855,9.758341,1065526156608653
0.9674544,0.08583611,9.758435,1065526166496348
0.96725863,0.0852014,9.75846,1065526176384043
0.9666159,0.0846343,9.758529,1065526186271739
0.965957,0.0838395,9.7586,1065526196159434
0.96504074,0.08272376,9.7587,1065526206047129
0.9637563,0.0811861,9.758841,1065526215934825
0.9619769,0.079405926,9.759031,1065526225853038
0.9612,0.07774748,9.759121,1065526235740733
0.9664971,0.07726428,9.758601,1065526245628428
0.96417063,0.07462919,9.758852,1065526255546641
0.9633778,0.07274137,9.7589445,1065526265434336
0.96524316,0.07252615,9.758761,1065526275291514
0.9654811,0.071600825,9.758745,1065526285209727
0.9713399,0.07118955,9.758166,1065526295097422
0.9764228,0.070055984,9.757668,1065526304985118
0.975523,0.067248695,9.757777,1065526314903331
0.9759663,0.06454901,9.757751,1065526324791026
0.9778901,0.062306702,9.757573,1065526334678721
0.9774965,0.058035895,9.757639,1065526344566416
0.9813389,0.053392567,9.75728,1065526354484629
0.97967505,0.048860356,9.757471,1065526364372325
0.97276336,0.04573933,9.758178,1065526374260020
0.9711682,0.04434864,9.758343,1065526384147715
0.97208035,0.044832975,9.758249,1065526394035411
0.97289807,0.045865893,9.758163,1065526403953623
0.9726471,0.047543287,9.758181,1065526413841319
0.9686668,0.050377097,9.758562,1065526423698497
0.96958643,0.05440721,9.75845,1065526433616709
0.96922165,0.05755815,9.758468,1065526443504405
0.97053653,0.05933484,9.758326,1065526453422618
0.97265005,0.0603777,9.758109,1065526463310313
0.973028,0.061312288,9.758065,1065526473198008
0.97071034,0.06217766,9.758291,1065526483085704
0.96687573,0.062290207,9.758671,1065526492973399
0.96361136,0.0616798,9.758998,1065526502861094
0.9624144,0.06128868,9.759118,1065526512748790
0.9638286,0.061431643,9.758978,1065526522667002
0.96640897,0.061904747,9.758719,1065526532554698
0.9683026,0.06215581,9.758531,1065526542442393
0.9690261,0.062053513,9.758459,1065526552330088
0.9690982,0.06144997,9.758456,1065526562217784
0.970226,0.060785424,9.7583475,1065526572105479
0.9714972,0.059936926,9.758226,1065526582023692
0.9716408,0.0583963,9.758222,1065526591911387
0.9699223,0.056300014,9.758405,1065526601799082
0.9671527,0.05413102,9.758692,1065526611686778
0.9653908,0.0525494,9.758875,1065526621604991
0.96472484,0.051211275,9.758948,1065526631492686
0.96457356,0.049909856,9.75897,1065526641380381
0.96549994,0.048606917,9.758885,1065526651268077
0.9666013,0.046829253,9.758784,1065526661155772
0.9664661,0.044503156,9.758809,1065526671073985
0.96677303,0.042487253,9.758787,1065526680961680
0.9654479,0.04165645,9.758923,1065526690849375
0.96704274,0.040137287,9.758771,1065526700767588
0.97136337,0.039549917,9.758344,1065526710655284
0.9704585,0.037490696,9.758442,1065526720542979
0.96837205,0.034692615,9.758659,1065526730430674
0.9710537,0.032210883,9.758402,1065526740318370
0.9723187,0.02972243,9.758284,1065526750206065
0.97170854,0.026314272,9.758354,1065526760124278
0.9747645,0.024661,9.758054,1065526770011973
0.9741301,0.02288053,9.7581215,1065526779899668
0.9740411,0.021319332,9.758134,1065526789787364
0.9781323,0.020620108,9.757726,1065526799675059
0.9795602,0.019297147,9.757586,1065526809593272
0.9797513,0.017793668,9.757569,1065526819480967
0.98127115,0.016418243,9.757419,1065526829368663
0.9848605,0.015716745,9.757058,1065526839256358
0.9832821,0.014508221,9.757219,1065526849144053
0.97836894,0.012710444,9.757716,1065526859062266
0.9780651,0.011965503,9.757748,1065526868949961
0.9803866,0.0120834885,9.757514,1065526878837657
0.9808448,0.012637236,9.757467,1065526888725352
0.9797386,0.012124776,9.757579,1065526898613047
0.98818713,0.012533278,9.756726,1065526908500743
0.99089724,0.012633234,9.756452,1065526918418956
0.98698574,0.010694521,9.75685,1065526928306651
0.9897956,0.010290585,9.756566,1065526938194346
0.9907425,0.009973723,9.756471,1065526948112559
0.98490095,0.00956347,9.757062,1065526958000254
0.9834473,0.011216413,9.757207,1065526967887950
0.9890889,0.015627744,9.756631,1065526977775645
0.9890125,0.01764152,9.756636,1065526987663340
0.9867456,0.018076222,9.756864,1065526997551036
0.99003416,0.018753368,9.75653,1065527007438731
0.98945653,0.01896945,9.756588,1065527017356944
0.9884222,0.018887863,9.756693,1065527027244639
0.98842347,0.019957677,9.75669,1065527037132334
0.98725724,0.021199692,9.756805,1065527047020030
0.9863331,0.022530738,9.756896,1065527056907725
0.9856521,0.024094338,9.756962,1065527066795420
0.9860608,0.025712011,9.756916,1065527076713633
0.98786354,0.027473412,9.756729,1065527086601329
0.9893526,0.028661866,9.756575,1065527096519541
0.99236584,0.029915076,9.756265,1065527106407237
0.9957464,0.031509567,9.755916,1065527116264415
0.99870634,0.032492034,9.7556095,1065527126121592
1.0023288,0.033325907,9.755236,1065527136039805
1.0062753,0.03443297,9.754825,1065527145958018
1.0111878,0.03563781,9.7543125,1065527155815196
1.0140052,0.03600661,9.754019,1065527165733409
1.0153986,0.035482142,9.753876,1065527175651622
1.0173943,0.035351224,9.753669,1065527185569834
1.0211788,0.035708744,9.753271,1065527195457530
1.0256634,0.03506729,9.752803,1065527205345225
1.0280387,0.032614637,9.752562,1065527215202403
1.029051,0.029739833,9.752464,1065527225120616
1.0303072,0.028199032,9.7523365,1065527235008311
1.0307472,0.027239662,9.752293,1065527244896006
1.0307517,0.02659004,9.752294,1065527254814219
1.0302145,0.02583771,9.752353,1065527264701915
1.0294033,0.025059622,9.75244,1065527274589610
1.0290794,0.024936024,9.752475,1065527284477305
1.0289872,0.025214512,9.752483,1065527294365000
1.0278456,0.025426017,9.752604,1065527304252696
1.0254947,0.025364911,9.7528515,1065527314170909
1.0236639,0.02520321,9.753044,1065527324058604
1.0226628,0.025297917,9.753149,1065527333946299
1.0221212,0.02524966,9.753205,1065527343833995
1.0232188,0.025494682,9.75309,1065527353721690
1.0218662,0.025075998,9.753233,1065527363609385
1.0187896,0.024441235,9.753556,1065527373527598
1.0162711,0.024465224,9.7538185,1065527383415293
1.0154595,0.024821024,9.753902,1065527393333506
1.0159223,0.02562646,9.753852,1065527403221202
1.0170195,0.02680653,9.753735,1065527413108897
1.0180289,0.027966782,9.753626,1065527422996592
1.0186238,0.028722007,9.753562,1065527432884288
1.0183908,0.028794352,9.753586,1065527442771983
1.0180051,0.02862408,9.753627,1065527452659678
1.0175277,0.028318107,9.753677,1065527462577891
1.0165861,0.028033188,9.753777,1065527472465586
1.0152055,0.028046861,9.753921,1065527482353282
1.0142988,0.02769605,9.754016,1065527492271495
1.0152314,0.02870845,9.753916,1065527502159190
1.0123999,0.028382353,9.75421,1065527512039740
1.0092883,0.028397558,9.754533,1065527521957953
1.0056363,0.02879322,9.7549095,1065527531845648
1.0027552,0.028003475,9.755208,1065527541763861
0.99714994,0.026699668,9.755786,1065527551621038
0.9912244,0.02437765,9.756396,1065527561508734
0.99009854,0.023508431,9.756513,1065527571396429
0.9915521,0.024642102,9.756362,1065527581284124
0.9902779,0.02588322,9.756489,1065527591171820
0.98763674,0.026763562,9.756754,1065527601090033
0.98313916,0.027606688,9.757206,1065527611008245
0.978755,0.027743435,9.757646,1065527620895941
0.9750457,0.028059427,9.758017,1065527630783636
0.97025156,0.028021319,9.758494,1065527640671331
0.9716227,0.029846221,9.758352,1065527650589544
0.97677237,0.032982863,9.757829,1065527660477240
0.9772846,0.0341305,9.757773,1065527670364935
0.9727736,0.033441212,9.758226,1065527680252630
0.9668842,0.032693505,9.758814,1065527690140326
0.960895,0.032634277,9.759406,1065527700028021
0.9555752,0.03296412,9.759927,1065527709946234
0.9508808,0.031928368,9.760389,1065527719833929
0.94928545,0.031578813,9.760546,1065527729721624
0.9476912,0.03157318,9.7607,1065527739609320
0.9484291,0.03234219,9.760626,1065527749497015
0.9482633,0.03280689,9.760641,1065527759384710
0.95253706,0.033851903,9.7602215,1065527769272406
0.9484105,0.033595815,9.760624,1065527779190619
0.94519466,0.032918546,9.760938,1065527789078314
0.94469905,0.03333325,9.760984,1065527798966009
0.9435868,0.033150006,9.761093,1065527808884222
0.943844,0.033372633,9.761067,1065527818771917
0.94202065,0.033706848,9.761242,1065527828659613
0.938075,0.032712813,9.761625,1065527838547308
0.9374483,0.031925973,9.761688,1065527848465521
0.93793523,0.03165874,9.761642,1065527858353216
0.93812466,0.031511124,9.761624,1065527868240912
0.940526,0.03199307,9.761392,1065527878128607
0.94165224,0.03287958,9.76128,1065527888046820
0.9383766,0.032550413,9.761597,1065527897934515
0.93881047,0.03258591,9.761556,1065527907791693
0.93744016,0.03250789,9.761687,1065527917709906
0.93561995,0.031800758,9.761864,1065527927597601
0.93885076,0.03188025,9.761554,1065527937485296
0.941812,0.03272588,9.761266,1065527947403509
0.9409348,0.032119893,9.761353,1065527957291204
0.9429647,0.031528883,9.761158,1065527967178900
0.9433148,0.03126491,9.761126,1065527977066595
0.94035536,0.03031381,9.761414,1065527986954290
0.9388826,0.029479327,9.761559,1065527996841986
0.9377316,0.029391427,9.761669,1065528006729681
0.9356553,0.02906555,9.761869,1065528016647894
0.93433917,0.02919469,9.761995,1065528026535589
0.93464774,0.029953934,9.761963,1065528036453802
0.93617135,0.030513026,9.761815,1065528046341497
0.93793356,0.030793928,9.761645,1065528056198675
0.93649435,0.03044528,9.761785,1065528066086370
0.9359101,0.030182645,9.761842,1065528076004583
0.936149,0.029633136,9.76182,1065528085892279
0.9334292,0.02842112,9.762084,1065528095779974
0.93081903,0.02683953,9.762338,1065528105698187
0.928291,0.025614083,9.762582,1065528115585882
0.9246522,0.024475018,9.76293,1065528125473578
0.9236743,0.023787774,9.763024,1065528135361273
0.9239114,0.023600258,9.763002,1065528145248968
0.922455,0.024017025,9.763139,1065528155136663
0.9198089,0.024348982,9.763388,1065528165054876
0.91723365,0.024607446,9.76363,1065528174942572
0.91402936,0.025805052,9.763927,1065528184830267
0.9118359,0.028040461,9.764126,1065528194717962
0.9112653,0.030633295,9.764172,1065528204605658
0.9101948,0.032324266,9.764266,1065528214523870
0.90937155,0.033386234,9.764339,1065528224411566
0.9082676,0.03370995,9.764441,1065528234329779
0.9076785,0.032759875,9.764499,1065528244217474
0.9078855,0.031861637,9.7644825,1065528254105169
0.9070846,0.030499619,9.764561,1065528263992865
0.90692806,0.028812222,9.764581,1065528273880560
0.9076717,0.027900219,9.764514,1065528283768255
0.9074509,0.02792572,9.764535,1065528293686468
0.9064908,0.028774463,9.764622,1065528303543646
0.9070781,0.029803084,9.764564,1065528313461859
0.90550125,0.03110261,9.764707,1065528323349554
0.903927,0.031741273,9.76485,1065528333237249
0.9026756,0.032255776,9.764964,1065528343124945
0.9019967,0.032021508,9.765028,1065528353043158
0.9026411,0.031238269,9.764971,1065528362930853
0.9026257,0.030290259,9.764975,1065528372849066
0.9025428,0.028942892,9.764987,1065528382736761
0.90231264,0.028206272,9.76501,1065528392624456
0.9019031,0.02752394,9.76505,1065528402512152
0.9015988,0.02648098,9.765081,1065528412399847
0.90184873,0.026269065,9.7650585,1065528422287542
0.901473,0.026613938,9.765092,1065528432175238
0.90058637,0.026638275,9.765174,1065528442093451
0.8994455,0.026613045,9.765279,1065528451950628
0.8978304,0.026764013,9.765428,1065528461868841
0.8956337,0.02659478,9.76563,1065528471756537
0.8931556,0.026348276,9.765857,1065528481644232
0.891218,0.02630665,9.766034,1065528491562445
0.89094704,0.026323246,9.766059,1065528501450140
0.89228386,0.026016984,9.765938,1065528511337835
0.8932733,0.026061967,9.765847,1065528521256048
0.89387465,0.025906144,9.765793,1065528531143744
0.89396024,0.025926191,9.765784,1065528541031439
0.8946794,0.025825262,9.765719,1065528550888617
0.89474976,0.026053539,9.765712,1065528560806829
0.89465404,0.026224382,9.76572,1065528570694525
0.894152,0.026521966,9.765765,1065528580612738
0.8937721,0.026790194,9.7657995,1065528590500433
0.89387155,0.02682623,9.76579,1065528600388128
0.8946999,0.027037127,9.765714,1065528610275824
0.8954147,0.027522419,9.765647,1065528620194037
0.8959178,0.027633205,9.7656,1065528630081732
0.89552647,0.027678687,9.765636,1065528639969427
0.89575136,0.027788049,9.765615,1065528649857122
0.8965181,0.02787201,9.765545,1065528659744818
0.8974758,0.027719008,9.765457,1065528669632513
0.8984732,0.027125172,9.7653675,1065528679520208
0.8991957,0.026597477,9.765303,1065528689407904
0.90009195,0.026378682,9.765221,1065528699295599
0.9010707,0.026025139,9.765131,1065528709213812
0.9024636,0.026402973,9.765001,1065528719101507
0.9033035,0.027669255,9.76492,1065528729019720
0.90408695,0.029219134,9.764843,1065528738907415
0.9049123,0.030158069,9.764764,1065528748795111
0.9060528,0.030613804,9.764657,1065528758682806
0.90724605,0.030712146,9.764545,1065528768570501
0.907996,0.030442277,9.764477,1065528778458197
0.9085324,0.029735573,9.764429,1065528788345892
0.9089167,0.029052086,9.764395,1065528798264105
0.9100028,0.02852285,9.764296,1065528808151800
0.9116584,0.028327066,9.764142,1065528818039495
0.9126655,0.028933302,9.764046,1065528827957708
0.9124247,0.029291533,9.764068,1065528837845404
0.9118392,0.029589834,9.764121,1065528847702581
0.9117253,0.030052867,9.764131,1065528857620794
0.91147876,0.031113317,9.76415,1065528867508490
0.911327,0.032044057,9.764161,1065528877396185
0.91077316,0.03239173,9.764212,1065528887283880
0.91023016,0.032336544,9.764262,1065528897202093
0.91035235,0.03168751,9.764254,1065528907089788
0.9102055,0.031076433,9.764269,1065528917008001
0.9095992,0.0305858,9.764327,1065528926895697
0.90971786,0.030177856,9.7643175,1065528936752874
0.9108347,0.029823102,9.7642145,1065528946671087
0.91171867,0.029539987,9.7641325,1065528956558783
0.9120074,0.029481566,9.764106,1065528966446478
0.91160345,0.02945135,9.764144,1065528976364691
0.9112491,0.02947872,9.764176,1065528986252386
0.9111689,0.02976581,9.764183,1065528996140081
0.9109544,0.030003475,9.764202,1065529006027777
0.91077006,0.030473795,9.764218,1065529015915472
0.91077065,0.031083662,9.764216,1065529025803167
0.9109821,0.03189734,9.764194,1065529035690863
0.9115878,0.032640375,9.764134,1065529045578558
0.91269416,0.032876752,9.76403,1065529055496771
0.9137498,0.032607228,9.763933,1065529065384466
0.9147808,0.03203737,9.763838,1065529075272162
0.91528517,0.030831387,9.763795,1065529085190374
0.91547126,0.02948991,9.763782,1065529095078070
0.91543543,0.02861026,9.763787,1065529104965765
0.91493154,0.028319584,9.763836,1065529114853460
0.91453993,0.02810197,9.763873,1065529124771673
0.9146552,0.028632574,9.763861,1065529134659369
0.91467345,0.029298576,9.763857,1065529144547064
0.9148094,0.030367445,9.763841,1065529154465277
0.91515446,0.031408478,9.763805,1065529164352972
0.9157845,0.03217844,9.763743,1065529174240667
0.9170338,0.03292445,9.763624,1065529184097845
0.9184797,0.033581663,9.763486,1065529194016058
0.91867775,0.03382171,9.763466,1065529203903753
0.9185215,0.033375032,9.763482,1065529213821966
0.91975814,0.032837573,9.763368,1065529223709662
0.92055947,0.032619406,9.763293,1065529233597357
0.92039824,0.032408737,9.7633095,1065529243485052
0.91956407,0.032297023,9.763388,1065529253372747
0.918692,0.032630987,9.763469,1065529263260443
0.9179889,0.033539936,9.763532,1065529273148138
0.9177107,0.03488937,9.763554,1065529283066351
0.91740704,0.036165718,9.763577,1065529292954046
0.9167055,0.037290495,9.763639,1065529302841742
0.9162539,0.037917245,9.7636795,1065529312729437
0.9158573,0.03786834,9.763717,1065529322617132
0.9153118,0.037601963,9.763768,1065529332504828
0.91551644,0.037375003,9.76375,1065529342423040
0.91616696,0.03733505,9.763689,1065529352310736
0.9164991,0.037258532,9.763659,1065529362198431
0.91716075,0.037722934,9.763595,1065529372116644
0.91770214,0.038351607,9.763541,1065529382004339
0.9179364,0.03876225,9.763517,1065529391861517
0.9171369,0.039358374,9.763591,1065529401779730
0.91663307,0.040239993,9.763634,1065529411667425
0.9173488,0.040926006,9.763564,1065529421555120
0.9195288,0.042282365,9.763353,1065529431473333
0.9220834,0.043768078,9.763105,1065529441361029
0.92463636,0.045555703,9.7628565,1065529451248724
0.9269511,0.04720615,9.762629,1065529461166937
0.92939305,0.04864691,9.762389,1065529471054632
0.9307369,0.049988206,9.762255,1065529480942328
0.93153465,0.05133909,9.762172,1065529490830023
0.9324443,0.052371968,9.762079,1065529500717718
0.93296236,0.052389666,9.76203,1065529510605413
0.93320423,0.052145917,9.762008,1065529520493109
0.9340949,0.05217615,9.761923,1065529530411322
0.9351676,0.05273178,9.761817,1065529540299017
0.9360312,0.0535176,9.76173,1065529550186712
0.9365042,0.053945612,9.7616825,1065529560074408
0.9361583,0.054154847,9.761714,1065529569992620
0.9357698,0.054985423,9.761746,1065529579849798
0.93544114,0.05606628,9.761772,1065529589768011
0.9344496,0.05696834,9.761862,1065529599655706
0.93316394,0.057800744,9.76198,1065529609543402
0.9327593,0.058470216,9.762014,1065529619431097
0.93189746,0.05904632,9.762094,1065529629349310
0.93079615,0.059859432,9.762194,1065529639237005
0.9295899,0.060365077,9.762305,1065529649124701
0.9291263,0.060565386,9.762348,1065529659012396
0.9292643,0.06107157,9.762332,1065529668930609
0.9311042,0.062367752,9.762149,1065529678818304
0.9324603,0.06338296,9.7620125,1065529688705999
0.93272746,0.06340508,9.761987,1065529698593695
0.9327397,0.06414287,9.761981,1065529708481390
0.93261796,0.06544546,9.761984,1065529718369085
0.9338087,0.06700999,9.761859,1065529728256781
0.93481445,0.06824416,9.761755,1065529738174994
0.93517965,0.06936576,9.761712,1065529748062689
0.9344579,0.06965348,9.761779,1065529757950384
0.9332027,0.06984257,9.761897,1065529767868597
0.93220705,0.070255965,9.76199,1065529777756292
0.93165064,0.07108611,9.762036,1065529787643988
0.9307999,0.07120708,9.762117,1065529797531683
0.92947084,0.071223296,9.762243,1065529807419378
0.92915934,0.07130487,9.762273,1065529817307074
0.9295956,0.071685374,9.762228,1065529827225287
0.93002224,0.07206145,9.762185,1065529837112982
0.9308081,0.07231394,9.762108,1065529847000677
0.93127084,0.07239573,9.762063,1065529856888372
0.9310562,0.07213049,9.762086,1065529866776068
0.93037975,0.07229551,9.762149,1065529876663763
0.9295181,0.07269584,9.762228,1065529886581976
0.9283417,0.07305971,9.762338,1065529896469671
0.92731076,0.07315996,9.762435,1065529906357367
0.9272722,0.073406704,9.762437,1065529916275579
0.9273728,0.073689155,9.762424,1065529926163275
0.9276129,0.074033156,9.7624,1065529936050970
0.9276652,0.07428311,9.762392,1065529945938665
0.92756253,0.07408505,9.7624035,1065529955826361
0.92716146,0.07367409,9.7624445,1065529965714056
0.9261904,0.07323612,9.762541,1065529975601751
0.92574185,0.07295263,9.762585,1065529985489447
0.92632425,0.07320169,9.762528,1065529995377142
0.92601204,0.073569536,9.762555,1065530005264837
0.9251221,0.07390889,9.762636,1065530015183050
0.9242782,0.074482165,9.7627125,1065530025070745
0.92405957,0.07477067,9.762731,1065530034988958
0.92455125,0.07493022,9.762683,1065530044876654
0.92443174,0.07522581,9.7626915,1065530054764349
0.9235307,0.07515361,9.762777,1065530064652044
0.9230723,0.0749367,9.762823,1065530074539740
0.9227768,0.074775,9.762852,1065530084427435
0.92279243,0.07422928,9.762855,1065530094315130
0.9229498,0.074062325,9.762841,1065530104202826
0.9222502,0.074052006,9.762907,1065530114090521
0.92093074,0.07405981,9.763032,1065530124008734
0.92025286,0.07362451,9.763099,1065530133896429
0.920382,0.07361851,9.763087,1065530143784124
0.92050326,0.073528856,9.763076,1065530153702337
0.92043394,0.073210664,9.763085,1065530163590033
0.9208031,0.07269829,9.763054,1065530173477728
0.92046547,0.07236851,9.763088,1065530183365423
0.92027754,0.07218989,9.763107,1065530193253119
0.9204621,0.07222713,9.76309,1065530203140814
0.9201655,0.07270315,9.763114,1065530213059027
0.9198228,0.07325417,9.763143,1065530222946722
0.9194827,0.073877335,9.763169,1065530232834417
0.9189163,0.073812254,9.763224,1065530242752630
0.9185743,0.073967025,9.763254,1065530252640326
0.9184189,0.07410704,9.763268,1065530262528021
0.9187718,0.074023016,9.763235,1065530272415716
0.9194967,0.07374915,9.763169,1065530282303412
0.92052454,0.07349973,9.763074,1065530292191107
0.9215404,0.07316163,9.762981,1065530302109320
0.922088,0.07334677,9.762928,1065530311997015
0.92231196,0.073643714,9.762904,1065530321884710
0.92292213,0.07378828,9.762846,1065530331802923
0.9232184,0.07409332,9.762815,1065530341690619
0.923459,0.07451974,9.76279,1065530351578314
0.92357063,0.07470123,9.762777,1065530361466009
0.9235408,0.0747983,9.762779,1065530371384222
0.92331564,0.07522053,9.762797,1065530381271917
0.9232707,0.07561668,9.762799,1065530391159613
0.92431957,0.076005034,9.762696,1065530401047308
0.9231244,0.074778296,9.762819,1065530410935003
0.9208057,0.07314937,9.76305,1065530420822699
0.9197131,0.07161507,9.7631645,1065530430710394
0.9184987,0.06975397,9.763292,1065530440598089
0.91712636,0.06816702,9.7634325,1065530450485785
0.91597915,0.06647002,9.763553,1065530460403997
0.91422653,0.064346425,9.763731,1065530470291693
0.9121376,0.06274991,9.763936,1065530480179388
0.91025937,0.062486436,9.764113,1065530490097601
0.90933704,0.06357388,9.764193,1065530499985296
0.90963817,0.06529191,9.764153,1065530509872992
0.90986973,0.067528896,9.764116,1065530519760687
0.9104146,0.069449954,9.764051,1065530529648382
0.9115722,0.07102352,9.763932,1065530539566595
0.9129859,0.07213732,9.763792,1065530549454290
0.91401887,0.0730352,9.763689,1065530559341986
0.9145201,0.073737174,9.763637,1065530569229681
0.9151882,0.07399113,9.763573,1065530579117376
0.9160447,0.07404848,9.763492,1065530589035589
0.9163741,0.07383669,9.763462,1065530598923285
0.91644984,0.07354855,9.763457,1065530608810980
0.91637546,0.073465444,9.763465,1065530618729193
0.91654253,0.07327562,9.763451,1065530628616888
0.91631925,0.07366593,9.763469,1065530638504583
0.916048,0.07431044,9.763489,1065530648422796
0.91598237,0.075316004,9.763488,1065530658310492
0.91567796,0.07552606,9.7635145,1065530668167669
0.91619575,0.075675055,9.763465,1065530678085882
0.9163675,0.07587393,9.763447,1065530687973578
0.91657627,0.07591559,9.763428,1065530697861273
0.9166156,0.0760418,9.763423,1065530707779486
0.91676974,0.07587444,9.76341,1065530717667181
0.91698045,0.07568716,9.7633915,1065530727524359
0.9176155,0.07596035,9.7633295,1065530737442572
0.9178059,0.07603959,9.76331,1065530747330267
0.9179983,0.07586341,9.763294,1065530757217962
0.918152,0.075745516,9.763281,1065530767105658
0.9181855,0.07574065,9.763277,1065530777023870
