0.0011444092,-0.0044403076,4.119873E-4,1065520368736338
0.0037994385,-0.0023040771,0.0014801025,1065520378624034
0.0037994385,-0.0023040771,9.460449E-4,1065520388542247
0.0027313232,0.0024871826,0.0014801025,1065520398429942
0.0027313232,0.0014190674,0.0014801025,1065520408317637
0.0022125244,-0.0033721924,4.119873E-4,1065520418174815
0.0027313232,-7.171631E-4,-6.5612793E-4,1065520428093028
0.0027313232,0.0014190674,9.460449E-4,1065520437980723
0.0016784668,0.0030212402,-1.2207031E-4,1065520447837901
0.0022125244,0.0040893555,9.460449E-4,1065520457756114
0.0037994385,0.0014190674,0.0020141602,1065520467643809
0.0032653809,-1.8310547E-4,-1.2207031E-4,1065520477562022
0.0022125244,-7.171631E-4,9.460449E-4,1065520487449717
0.0011444092,-0.0044403076,0.0020141602,1065520497337413
0.0022125244,-0.0049743652,0.0020141602,1065520507225108
0.0032653809,-0.0044403076,0.0014801025,1065520517112803
0.0016784668,-0.0023040771,0.0020141602,1065520527031016
0.0027313232,0.001953125,0.0014801025,1065520536918711
0.0011444092,0.0030212402,0.0014801025,1065520546806407
0.0016784668,0.001953125,9.460449E-4,1065520556694102
0.0022125244,-7.171631E-4,0.0014801025,1065520566581797
0.0027313232,-0.0023040771,0.0014801025,1065520576469493
0.0032653809,-0.0028381348,0.0014801025,1065520586387706
0.0016784668,-0.0033721924,0.0025482178,1065520596275401
7.6293945E-5,0.0014190674,9.460449E-4,1065520606193614
0.0022125244,0.006210327,-6.5612793E-4,1065520616081309
0.0032653809,-0.0023040771,0.0014801025,1065520625969004
-4.5776367E-4,0.0014190674,4.119873E-4,1065520635856700
0.0022125244,-7.171631E-4,4.119873E-4,1065520645744395
0.0011444092,-0.0012359619,0.0020141602,1065520655632090
6.1035156E-4,-0.0017700195,9.460449E-4,1065520665519786
0.0011444092,-0.0049743652,9.460449E-4,1065520675407481
-4.5776367E-4,-0.0023040771,0.0014801025,1065520685325694
6.1035156E-4,-7.171631E-4,4.119873E-4,1065520695213389
6.1035156E-4,0.0024871826,0.0014801025,1065520705101084
6.1035156E-4,0.0040893555,9.460449E-4,1065520714988780
7.6293945E-5,0.0024871826,0.0020141602,1065520724876475
-0.0015258789,0.001953125,0.0020141602,1065520734794688
-4.5776367E-4,0.0014190674,0.0020141602,1065520744712901
0.0011444092,0.0030212402,0.0014801025,1065520754570079
0.0011444092,0.0035552979,4.119873E-4,1065520764488291
7.6293945E-5,3.5095215E-4,9.460449E-4,1065520774375987
-9.918213E-4,3.5095215E-4,0.0014801025,1065520784263682
0.0011444092,-0.0012359619,0.0020141602,1065520794151377
0.0022125244,-0.0017700195,4.119873E-4,1065520804039073
0.0016784668,3.5095215E-4,4.119873E-4,1065520813957286
6.1035156E-4,0.0024871826,-0.0011749268,1065520823875498
6.1035156E-4,3.5095215E-4,-1.2207031E-4,1065520833763194
-0.0015258789,3.5095215E-4,4.119873E-4,1065520843650889
6.1035156E-4,-1.8310547E-4,4.119873E-4,1065520853538584
6.1035156E-4,-7.171631E-4,0.0014801025,1065520863395762
7.6293945E-5,-0.0012359619,0.0014801025,1065520873283457
-0.0020599365,3.5095215E-4,0.0020141602,1065520883171153
-4.5776367E-4,0.0014190674,9.460449E-4,1065520893089366
7.6293945E-5,-7.171631E-4,9.460449E-4,1065520902977061
-0.0020599365,-0.0028381348,4.119873E-4,1065520912895274
-0.0015258789,0.0024871826,-1.2207031E-4,1065520922782969
0.0011444092,0.001953125,0.0020141602,1065520932670665
0.0022125244,0.0030212402,4.119873E-4,1065520942588877
-0.0015258789,-7.171631E-4,-6.5612793E-4,1065520952476573
-9.918213E-4,8.8500977E-4,-1.2207031E-4,1065520962364268
0.0011444092,0.0024871826,9.460449E-4,1065520972282481
0.0016784668,8.8500977E-4,9.460449E-4,1065520982139659
-0.0015258789,3.5095215E-4,0.0014801025,1065520992027354
-0.0025939941,0.0024871826,4.119873E-4,1065521001915049
-9.918213E-4,0.0024871826,0.0014801025,1065521011802745
0.0011444092,-0.0023040771,4.119873E-4,1065521021690440
6.1035156E-4,-0.0017700195,4.119873E-4,1065521031608653
7.6293945E-5,-1.8310547E-4,-1.2207031E-4,1065521041465831
7.6293945E-5,0.004623413,4.119873E-4,1065521051384043
0.0022125244,0.0035552979,0.0014801025,1065521061271739
6.1035156E-4,0.0014190674,4.119873E-4,1065521071189952
0.0011444092,-0.0044403076,0.0014801025,1065521081108165
-9.918213E-4,3.5095215E-4,9.460449E-4,1065521090995860
-0.0025939941,8.8500977E-4,-1.2207031E-4,1065521100883555
7.6293945E-5,-0.0033721924,9.460449E-4,1065521110771250
7.6293945E-5,-0.00390625,9.460449E-4,1065521120658946
7.6293945E-5,-0.0065612793,4.119873E-4,1065521130546641
-0.0015258789,-0.0049743652,-1.2207031E-4,1065521140434336
-9.918213E-4,-7.171631E-4,0.0014801025,1065521150352549
7.6293945E-5,0.0040893555,4.119873E-4,1065521160240245
0.0011444092,0.0035552979,-1.2207031E-4,1065521170158457
7.6293945E-5,-0.0012359619,0.0025482178,1065521180046153
6.1035156E-4,-0.0023040771,0.0014801025,1065521189933848
0.0011444092,-0.0028381348,9.460449E-4,1065521199821543
0.0016784668,-0.0044403076,0.0014801025,1065521209709239
6.1035156E-4,-0.0017700195,-1.2207031E-4,1065521219596934
7.6293945E-5,-0.0017700195,-6.5612793E-4,1065521229515147
7.6293945E-5,-7.171631E-4,4.119873E-4,1065521239402842
-9.918213E-4,0.0030212402,-1.2207031E-4,1065521249290538
-9.918213E-4,-0.0012359619,0.0020141602,1065521259178233
-9.918213E-4,-7.171631E-4,0.0020141602,1065521269096446
0.0011444092,0.001953125,9.460449E-4,1065521278984141
6.1035156E-4,-0.0012359619,9.460449E-4,1065521288871836
6.1035156E-4,-0.0017700195,4.119873E-4,1065521298759532
0.0016784668,-0.0023040771,0.0014801025,1065521308647227
0.0016784668,-7.171631E-4,0.0020141602,1065521318534922
0.0016784668,0.0024871826,4.119873E-4,1065521328453135
0.0011444092,0.0030212402,4.119873E-4,1065521338340831
0.0011444092,0.001953125,4.119873E-4,1065521348228526
6.1035156E-4,-0.0012359619,9.460449E-4,1065521358116221
-9.918213E-4,3.5095215E-4,0.0014801025,1065521368003916
-4.5776367E-4,-1.8310547E-4,-1.2207031E-4,1065521377922129
6.1035156E-4,8.8500977E-4,0.0014801025,1065521387809825
6.1035156E-4,0.0014190674,0.0020141602,1065521397697520
0.0027313232,8.8500977E-4,0.0025482178,1065521407585215
0.0022125244,3.5095215E-4,4.119873E-4,1065521417503428
6.1035156E-4,-7.171631E-4,0.0014801025,1065521427391123
7.6293945E-5,-0.0023040771,9.460449E-4,1065521437278819
6.1035156E-4,-0.0033721924,0.0014801025,1065521447166514
-0.0015258789,-0.0012359619,4.119873E-4,1065521457054209
7.6293945E-5,-0.0023040771,4.119873E-4,1065521466941905
0.0022125244,-0.0017700195,9.460449E-4,1065521476860118
-9.918213E-4,3.5095215E-4,0.0014801025,1065521486747813
-4.5776367E-4,-7.171631E-4,-1.2207031E-4,1065521496635508
0.0016784668,-0.0023040771,4.119873E-4,1065521506523204
6.1035156E-4,-0.0049743652,9.460449E-4,1065521516410899
7.6293945E-5,-0.0023040771,0.0025482178,1065521526298594
7.6293945E-5,0.0024871826,0.0014801025,1065521536216807
-9.918213E-4,0.0035552979,4.119873E-4,1065521546104502
-0.0031280518,-7.171631E-4,0.0020141602,1065521555992198
-9.918213E-4,-0.005508423,0.0020141602,1065521565879893
7.6293945E-5,-0.0049743652,0.0014801025,1065521575767588
-4.5776367E-4,-0.0049743652,0.003616333,1065521585655284
-0.0015258789,-7.171631E-4,9.460449E-4,1065521595542979
-4.5776367E-4,0.0030212402,-1.2207031E-4,1065521605430674
-4.5776367E-4,0.0040893555,-1.2207031E-4,1065521615348887
0.0016784668,8.8500977E-4,0.0014801025,1065521625267100
7.6293945E-5,3.5095215E-4,9.460449E-4,1065521635154795
0.0011444092,-0.0012359619,9.460449E-4,1065521645042491
-0.0020599365,-0.005508423,4.119873E-4,1065521654930186
-9.918213E-4,-0.0044403076,0.0014801025,1065521664817881
6.1035156E-4,-0.0012359619,-1.2207031E-4,1065521674705577
-9.918213E-4,3.5095215E-4,0.0014801025,1065521684593272
-0.0015258789,0.001953125,0.0014801025,1065521694480967
-4.5776367E-4,0.001953125,9.460449E-4,1065521704368663
-9.918213E-4,0.005142212,-1.2207031E-4,1065521714286875
-0.0015258789,0.0056762695,9.460449E-4,1065521724174571
0.0011444092,3.5095215E-4,0.0014801025,1065521734092784
-4.5776367E-4,-7.171631E-4,0.0014801025,1065521743949961
7.6293945E-5,-0.0023040771,4.119873E-4,1065521753837657
0.0011444092,-1.8310547E-4,-1.2207031E-4,1065521763755870
7.6293945E-5,-0.0017700195,0.0014801025,1065521773643565
6.1035156E-4,-1.8310547E-4,9.460449E-4,1065521783531260
-4.5776367E-4,0.001953125,9.460449E-4,1065521793418956
-4.5776367E-4,0.004623413,-6.5612793E-4,1065521803337168
0.0022125244,0.0040893555,0.0020141602,1065521813255381
-4.5776367E-4,0.0014190674,0.0020141602,1065521823143077
-0.0015258789,0.0030212402,9.460449E-4,1065521833000254
-4.5776367E-4,3.5095215E-4,0.0020141602,1065521842887950
7.6293945E-5,0.001953125,4.119873E-4,1065521852806163
-0.0015258789,8.8500977E-4,-6.5612793E-4,1065521862724375
0.0011444092,-0.0012359619,4.119873E-4,1065521872581553
-0.0015258789,3.5095215E-4,0.0025482178,1065521882438731
0.0011444092,8.8500977E-4,0.0025482178,1065521892356944
0.0011444092,-0.0012359619,9.460449E-4,1065521902275157
6.1035156E-4,0.0014190674,0.0014801025,1065521912193370
6.1035156E-4,0.001953125,9.460449E-4,1065521922081065
6.1035156E-4,0.0024871826,9.460449E-4,1065521931938243
-4.5776367E-4,0.0030212402,4.119873E-4,1065521941856456
7.6293945E-5,0.0024871826,-1.2207031E-4,1065521951744151
7.6293945E-5,0.001953125,4.119873E-4,1065521961631846
-4.5776367E-4,8.8500977E-4,9.460449E-4,1065521971550059
7.6293945E-5,-0.0049743652,0.0020141602,1065521981437754
7.6293945E-5,-0.0028381348,0.0014801025,1065521991325450
6.1035156E-4,-0.0017700195,-1.2207031E-4,1065522001213145
0.0011444092,0.0030212402,-0.0011749268,1065522011100840
6.1035156E-4,3.5095215E-4,9.460449E-4,1065522020988536
6.1035156E-4,-1.8310547E-4,9.460449E-4,1065522030906748
-0.0020599365,-0.0012359619,4.119873E-4,1065522040763926
-9.918213E-4,-0.0028381348,-1.2207031E-4,1065522050651622
0.0011444092,-0.0017700195,0.0014801025,1065522060569834
7.6293945E-5,-0.0017700195,0.0020141602,1065522070427012
7.6293945E-5,0.0024871826,0.0014801025,1065522080345225
-9.918213E-4,0.005142212,0.0020141602,1065522090263438
6.1035156E-4,3.5095215E-4,0.0014801025,1065522100151133
-0.0015258789,8.8500977E-4,0.0014801025,1065522110038829
7.6293945E-5,0.001953125,-1.2207031E-4,1065522119926524
-0.0020599365,0.0040893555,4.119873E-4,1065522129814219
6.1035156E-4,3.5095215E-4,0.0014801025,1065522139701915
6.1035156E-4,8.8500977E-4,9.460449E-4,1065522149620127
0.0011444092,3.5095215E-4,9.460449E-4,1065522159507823
0.0011444092,-1.8310547E-4,4.119873E-4,1065522169426036
0.0016784668,-7.171631E-4,9.460449E-4,1065522179313731
-4.5776367E-4,0.0030212402,0.0020141602,1065522189170909
7.6293945E-5,-0.0119018555,0.0025482178,1065522199089122
-0.0036468506,-0.026275635,0.0041503906,1065522208976817
7.6293945E-5,-0.0134887695,0.0014801025,1065522218864512
-0.0015258789,-0.011367798,0.0025482178,1065522228782725
-4.5776367E-4,-0.0023040771,4.119873E-4,1065522238670420
-9.918213E-4,0.005142212,9.460449E-4,1065522248527598
7.6293945E-5,-0.0028381348,0.0014801025,1065522258445811
6.1035156E-4,-0.009231567,9.460449E-4,1065522268364024
-0.0025939941,-0.011367798,0.0020141602,1065522278251719
-9.918213E-4,-0.0060424805,9.460449E-4,1065522288139415
0.0027313232,3.5095215E-4,-6.5612793E-4,1065522298027110
6.1035156E-4,0.001953125,9.460449E-4,1065522307914805
7.6293945E-5,0.005142212,0.0014801025,1065522317833018
0.0022125244,0.0056762695,9.460449E-4,1065522327720713
-4.5776367E-4,0.0040893555,4.119873E-4,1065522337608409
6.1035156E-4,0.0014190674,9.460449E-4,1065522347496104
7.6293945E-5,-0.0049743652,0.0020141602,1065522357383799
-0.0015258789,-0.012420654,0.003616333,1065522367271495
6.1035156E-4,-0.00869751,0.0020141602,1065522377189707
-0.0015258789,-1.8310547E-4,4.119873E-4,1065522387077403
-0.0025939941,-0.0023040771,9.460449E-4,1065522396965098
-0.0020599365,-7.171631E-4,0.0014801025,1065522406883311
-0.0052490234,0.0056762695,-0.0011749268,1065522416740489
-0.005783081,0.005142212,-1.2207031E-4,1065522426658702
-0.0020599365,0.004623413,4.119873E-4,1065522436515879
-0.0015258789,0.0030212402,-1.2207031E-4,1065522446373057
-0.0020599365,-0.0028381348,4.119873E-4,1065522456321788
-9.918213E-4,-0.00390625,0.0014801025,1065522466209483
-0.0015258789,0.0024871826,-1.2207031E-4,1065522476097178
-0.0025939941,0.0072784424,4.119873E-4,1065522485984873
-0.0015258789,0.0040893555,4.119873E-4,1065522495903086
-0.004714966,0.005142212,9.460449E-4,1065522505790782
-0.0036468506,0.0056762695,9.460449E-4,1065522515708995
-0.0015258789,0.0030212402,9.460449E-4,1065522525596690
-0.0020599365,-0.0017700195,0.0025482178,1065522535453868
-0.004714966,0.0030212402,0.0014801025,1065522545372081
-0.004714966,3.5095215E-4,9.460449E-4,1065522555259776
-0.0031280518,0.0078125,4.119873E-4,1065522565147471
-0.0031280518,0.014205933,0.0020141602,1065522575035166
-0.0068511963,0.004623413,0.0020141602,1065522584922862
-0.0079193115,-0.0065612793,0.005203247,1065522594810557
-0.0031280518,-0.005508423,0.0041503906,1065522604698252
-0.004180908,-0.0065612793,0.0030822754,1065522614585948
-0.0063171387,-0.0033721924,0.003616333,1065522624473643
-0.0079193115,-0.00390625,0.0025482178,1065522634361338
-0.0068511963,-0.0134887695,0.0025482178,1065522644279551
-0.008987427,-0.012420654,0.0030822754,1065522654197764
-0.010040283,-0.0023040771,0.0014801025,1065522664115977
-0.008987427,0.012069702,4.119873E-4,1065522674003672
-0.008987427,0.02166748,-6.5612793E-4,1065522683891368
-0.007385254,0.015808105,-6.5612793E-4,1065522693748545
-0.0063171387,0.0030212402,-0.0017089844,1065522703666758
-0.0063171387,-0.010299683,-0.0017089844,1065522713554454
-0.0052490234,-0.012420654,-0.0033111572,1065522723442149
-9.918213E-4,-0.009231567,-0.0043792725,1065522733329844
-0.0036468506,-0.0049743652,-0.0043792725,1065522743248057
-0.0052490234,-0.0049743652,-0.0027770996,1065522753135752
-0.007385254,-0.0017700195,-0.0033111572,1065522763023448
-0.0079193115,0.0035552979,-0.0054473877,1065522772941661
-0.004180908,-0.0049743652,-0.006515503,1065522782829356
-0.004714966,-0.019882202,-0.0075683594,1065522792717051
-0.0052490234,-0.028411865,-0.0075683594,1065522802604747
-0.0068511963,-0.022018433,-0.002243042,1065522812492442
-0.005783081,-0.015625,9.460449E-4,1065522822410655
-0.004180908,-0.019882202,0.0030822754,1065522832298350
-0.0025939941,-0.029464722,0.0025482178,1065522842186045
-0.004180908,-0.036392212,0.0030822754,1065522852073741
-0.004714966,-0.043319702,0.0041503906,1065522861961436
-0.0036468506,-0.052368164,0.0041503906,1065522871849131
-0.0020599365,-0.054504395,0.0041503906,1065522881767344
-0.004180908,-0.05343628,0.0025482178,1065522891655040
-0.004180908,-0.059295654,0.0046844482,1065522901542735
-0.0052490234,-0.057174683,0.008407593,1065522911430430
-0.004180908,-0.056106567,0.010009766,1065522921318125
-0.0052490234,-0.042785645,0.00680542,1065522931236338
-0.004714966,-0.037994385,0.0046844482,1065522941093516
-0.0036468506,-0.052368164,0.0062713623,1065522951011729
-0.005783081,-0.066223145,0.0062713623,1065522960899424
-0.008453369,-0.07421875,0.0046844482,1065522970787120
-0.010040283,-0.073150635,0.0057373047,1065522980705332
-0.009506226,-0.054504395,0.010543823,1065522990593028
-0.005783081,-0.018814087,0.017990112,1065523000480723
-0.008987427,0.079711914,0.052612305,1065523010368418
-0.004180908,0.08770752,0.08351135,1065523020256114
6.1035156E-4,-0.049713135,0.02758789,1065523030174327
-0.0025939941,-0.07740784,-0.031539917,1065523040031504
-0.0031280518,-0.02999878,-0.048583984,1065523049919200
-0.0031280518,-0.019882202,-0.045394897,1065523059806895
7.6293945E-5,0.0056762695,-0.036331177,1065523069694590
-0.0020599365,0.025390625,-0.03526306,1065523079582286
-0.004180908,0.015274048,-0.045394897,1065523089500498
-0.0031280518,-0.0060424805,-0.054977417,1065523099418711
-9.918213E-4,-0.0076293945,-0.04272461,1065523109336924
-0.0020599365,0.015274048,0.010009766,1065523119224620
-4.5776367E-4,0.022720337,0.05633545,1065523129112315
7.6293945E-5,-0.012420654,0.027053833,1065523139000010
-4.5776367E-4,-0.058761597,-0.044326782,1065523148857188
0.0032653809,-0.068359375,-0.044326782,1065523158775401
0.0022125244,-0.021484375,0.011062622,1065523168693614
0.008590698,-0.0033721924,0.031311035,1065523178581309
0.0064697266,-0.033737183,-0.01184082,1065523188469004
-0.0063171387,-0.08859253,-0.1162262,1065523198356700
-0.0031280518,-0.113098145,-0.14019775,1065523208244395
-0.004180908,-0.07475281,-0.03100586,1065523218162608
-0.011642456,-0.025741577,0.0440979,1065523228050303
-0.007385254,-0.028945923,0.0046844482,1065523237937998
0.0037994385,-0.037460327,-0.036865234,1065523247825694
0.0064697266,-0.008163452,-0.02407837,1065523257743907
0.007003784,0.015274048,0.012130737,1065523267601084
0.0037994385,-7.171631E-4,-0.002243042,1065523277458262
0.0011444092,-0.0119018555,-0.0059814453,1065523287376475
-0.008987427,-0.028411865,-0.031539917,1065523297264170
-0.026550293,-0.09391785,-0.13859558,1065523307182383
-0.025497437,-0.161026,-0.2030487,1065523317070079
-0.014831543,-0.15197754,-0.09173584,1065523326957774
-0.016433716,-0.09338379,0.0030822754,1065523336845469
0.007003784,-0.05557251,0.047286987,1065523346763682
0.017120361,-0.04118347,0.029708862,1065523356651377
0.008071899,-0.058761597,-0.03100586,1065523366569590
0.008071899,-0.060897827,-0.04006958,1065523376457286
0.008590698,-0.034805298,-0.0262146,1065523386344981
0.0054016113,-0.014556885,-0.018753052,1065523396232676
-0.0068511963,0.0024871826,-0.010772705,1065523406120372
0.0027313232,0.0035552979,0.026519775,1065523416008067
0.014450073,0.005142212,0.049423218,1065523425895762
0.0032653809,-0.026275635,-0.017166138,1065523435813975
-0.0052490234,-0.045455933,-0.085876465,1065523445701670
-0.011108398,-0.035858154,-0.10877991,1065523455589366
-0.008987427,-0.015625,-0.062438965,1065523465477061
-0.0045928955,0.027511597,0.013809204,1065523475364756
0.0044555664,0.046142578,0.09423828,1065523485282969
-0.009918213,0.056259155,0.14216614,1065523495170665
-0.030166626,0.035491943,0.12779236,1065523505058360
7.324219E-4,0.031234741,0.13044739,1065523514976573
0.011383057,0.015792847,0.08570862,1065523524833750
-0.0061950684,-0.028961182,-0.008026123,1065523534690928
-0.023239136,-0.052383423,-0.063430786,1065523544609141
-0.012588501,-0.06037903,-0.07247925,1065523554527354
0.0060577393,-0.060913086,-0.05329895,1065523564415049
0.0018005371,-0.03907776,-0.024551392,1065523574333262
-0.01737976,-0.040145874,-0.06289673,1065523584220957
-0.037094116,-0.06942749,-0.115097046,1065523594108653
-0.019515991,-0.09500122,-0.09963989,1065523603996348
0.022033691,-0.09553528,-0.094314575,1065523613914561
0.0044555664,-0.057724,-0.10977173,1065523623802256
-0.024841309,-0.016708374,-0.119888306,1065523633659434
-0.023239136,0.013122559,-0.09591675,1065523643516612
-0.008331299,0.03388977,-0.03199768,1065523653434825
0.011917114,0.04348755,0.03617859,1065523663322520
0.013519287,0.03816223,0.04096985,1065523673240733
-0.0024719238,0.008331299,0.019134521,1065523683158946
-0.011520386,-0.008712769,0.028182983,1065523693046641
-0.012588501,-0.024154663,0.05429077,1065523702964854
0.007659912,-0.030548096,0.108078,1065523712852549
0.027359009,-0.0342865,0.12512207,1065523722709727
0.0023345947,-0.07635498,0.011138916,1065523732566905
-0.0072631836,-0.12055969,-0.070877075,1065523742485118
0.0033874512,-0.09660339,-0.04585266,1065523752372813
-0.0014038086,-0.059310913,-0.03253174,1065523762291026
-0.025909424,-0.033218384,-0.054901123,1065523772178721
-0.03175354,-0.0071105957,-0.0410614,1065523782096934
-0.0072631836,-0.011383057,-0.0027008057,1065523791984629
0.014038086,-0.031082153,0.022323608,1065523801872325
0.010848999,-0.014572144,0.03138733,1065523811760020
-0.004058838,-0.030014038,-0.018157959,1065523821678233
7.324219E-4,-0.068374634,-0.05757141,1065523831535411
0.011383057,-0.056655884,-0.058639526,1065523841423106
-0.004058838,-0.04547119,-0.08580017,1065523851341319
-0.0035247803,-0.05984497,-0.09112549,1065523861229014
-0.010986328,-0.032684326,-0.08526611,1065523871116709
-0.017913818,-0.012969971,-0.0644989,1065523881034922
-0.008331299,-0.012435913,-0.006439209,1065523890922618
0.010314941,-0.023101807,0.04043579,1065523900810313
0.010848999,-0.030014038,0.028182983,1065523910698008
-0.0024719238,-0.047058105,-0.029342651,1065523920616221
0.0012664795,-0.07209778,-0.07194519,1065523930503916
0.006591797,-0.03907776,-0.022949219,1065523940391612
-0.0014038086,0.008865356,0.030853271,1065523950279307
-0.018447876,0.025375366,0.009552002,1065523960167002
-0.021636963,0.012588501,-0.014953613,1065523970085215
-0.012054443,-0.023620605,-0.054367065,1065523979972911
-0.0019378662,-0.05291748,-0.08366394,1065523989860606
-0.015777588,-0.039611816,-0.10017395,1065523999748301
-0.02696228,-0.023620605,-0.089523315,1065524009666514
-0.008865356,-0.025222778,-0.035736084,1065524019554209
0.006591797,-0.037475586,-0.022415161,1065524029441905
-3.3569336E-4,-0.0385437,-0.066085815,1065524039329600
-0.014190674,-0.024154663,-0.073013306,1065524049217295
-0.020050049,-0.003921509,-0.038391113,1065524059135508
-0.009384155,-0.0071105957,-0.012298584,1065524069023204
0.007659912,-0.02947998,-0.022949219,1065524078910899
0.011383057,-0.054519653,-0.05329895,1065524088798594
-0.004058838,-0.057724,-0.053833008,1065524098686290
-0.006729126,-0.032684326,0.014343262,1065524108604502
0.009246826,-0.016708374,0.08305359,1065524118461680
0.011917114,-0.0071105957,0.08677673,1065524128379893
-0.009384155,-0.009246826,0.027114868,1065524138267588
-0.018981934,-0.024154663,-0.037322998,1065524148155284
-0.019515991,0.0040740967,-0.026138306,1065524158042979
0.0018005371,0.039749146,0.07292175,1065524167961192
0.0071258545,0.04081726,0.08784485,1065524177818370
-0.0035247803,0.016326904,0.031921387,1065524187675547
-0.0056610107,-0.015106201,-5.79834E-4,1065524197593760
0.004989624,-0.019363403,0.029785156,1065524207481456
0.0033874512,-0.006576538,0.06440735,1065524217399668
0.0071258545,-0.011917114,0.077194214,1065524227317881
-0.018981934,-0.042266846,-0.019210815,1065524237205577
-0.042419434,-0.04812622,-0.059158325,1065524247093272
-0.008331299,0.006729126,0.07505798,1065524256980967
0.042282104,0.03816223,0.17785645,1065524266868663
0.011383057,0.0317688,0.0569458,1065524276756358
-0.019515991,-0.051330566,-0.14012146,1065524286644053
-0.0056610107,-0.060913086,-0.13426208,1065524296531748
0.012451172,-0.008712769,-0.0011138916,1065524306449961
0.028961182,0.05253601,0.12991333,1065524316368174
0.015106201,0.091415405,0.16560364,1065524326255870
-0.013122559,0.04560852,0.048431396,1065524336143565
-0.008865356,-0.042800903,-0.09591675,1065524346031260
0.0018005371,-0.07795715,-0.11935425,1065524355918956
0.003921509,-0.037475586,-0.0410614,1065524365837168
0.010314941,0.009933472,0.0335083,1065524375724864
0.003921509,0.018981934,0.02178955,1065524385612559
0.004989624,-0.003921509,-0.016555786,1065524395500254
0.009780884,-0.019897461,-0.029876709,1065524405387950
0.0012664795,-0.006576538,-0.03678894,1065524415275645
-0.0014038086,0.012054443,-0.011764526,1065524425163340
-0.0014038086,0.030700684,0.018066406,1065524435081553
-0.0024719238,0.039749146,0.053222656,1065524444969248
0.0033874512,0.04295349,0.08996582,1065524454856944
7.324219E-4,0.030166626,0.061203003,1065524464744639
-0.012588501,-0.025222778,-0.07461548,1065524474632334
-8.69751E-4,-0.08114624,-0.15609741,1065524484520030
0.0018005371,-0.042800903,-0.09698486,1065524494438243
-0.0045928955,0.018447876,0.0058135986,1065524504325938
-0.0024719238,0.032836914,0.046295166,1065524514244151
-0.0045928955,0.017913818,-0.0011138916,1065524524131846
-0.0014038086,-0.021499634,-0.07727051,1065524534019541
-0.0014038086,-0.0342865,-0.11668396,1065524543907237
-0.0019378662,-0.023620605,-0.089523315,1065524553794932
0.0018005371,-0.0033874512,-0.007507324,1065524563682627
-3.3569336E-4,0.022705078,0.06387329,1065524573570323
7.324219E-4,0.014190674,0.05908203,1065524583488536
0.0028533936,-0.011917114,-0.016021729,1065524593376231
-0.0019378662,-0.028427124,-0.07194519,1065524603263926
1.9836426E-4,-0.030548096,-0.057037354,1065524613151622
-0.0014038086,-0.017242432,-0.036254883,1065524623039317
-0.0030059814,-0.017242432,-0.03253174,1065524632957530
-0.0019378662,-0.018295288,-0.008560181,1065524642845225
-0.0030059814,-0.009246826,0.03138733,1065524652732920
0.0028533936,-0.0071105957,0.044692993,1065524662620616
0.0071258545,-0.002319336,0.049484253,1065524672508311
0.0023345947,0.008865356,0.04257202,1065524682396006
-3.3569336E-4,-0.02468872,-0.025604248,1065524692283702
-0.005126953,-0.024154663,-0.0687561,1065524702201915
-0.007797241,0.010986328,-0.022415161,1065524712089610
-0.0035247803,0.034423828,0.049484253,1065524721977305
-0.007797241,0.041885376,0.04522705,1065524731865000
0.0033874512,0.020584106,0.013809204,1065524741752696
7.324219E-4,0.008331299,-0.03678894,1065524751640391
-0.006729126,-0.013504028,-0.0687561,1065524761558604
-0.0061950684,0.0014038086,-0.03945923,1065524771446299
0.0044555664,0.034423828,0.030853271,1065524781333995
0.013519287,0.05307007,0.0846405,1065524791252207
0.0018005371,0.02909851,0.014343262,1065524801139903
-0.0014038086,-0.032684326,-0.09484863,1065524811027598
0.0044555664,-0.035339355,-0.08898926,1065524820915293
-0.0019378662,0.0014038086,-0.036254883,1065524830802989
-0.01737976,-0.0071105957,-0.059692383,1065524840690684
-0.0014038086,-0.042800903,-0.05278015,1065524850578379
0.0055236816,-0.03694153,-0.024551392,1065524860496592
0.0018005371,-0.018295288,-0.0059051514,1065524870384288
-0.005126953,-0.015106201,-0.017623901,1065524880271983
-0.0056610107,-0.014038086,-0.03678894,1065524890190196
-0.004058838,0.0046081543,-0.024551392,1065524900077891
-0.0030059814,0.02217102,0.009552002,1065524909935069
0.0023345947,0.04348755,0.05908203,1065524919853282
0.0033874512,0.049346924,0.06866455,1065524929740977
7.324219E-4,-0.012435913,-0.021347046,1065524939659190
0.0012664795,-0.07316589,-0.09272766,1065524949546885
-0.0014038086,-0.06304932,-0.079940796,1065524959434581
-0.0072631836,-0.022033691,-0.017623901,1065524969322276
-0.008865356,0.010986328,0.030319214,1065524979209971
-0.0019378662,0.022705078,0.04736328,1065524989097666
0.003921509,0.023239136,0.044692993,1065524999015879
0.0018005371,0.005126953,0.009552002,1065525008903575
0.0044555664,-0.042266846,-0.040527344,1065525018791270
0.015640259,-0.04866028,-0.015487671,1065525028678965
0.015106201,0.007797241,0.06706238,1065525038566661
0.003921509,0.024307251,0.0718689,1065525048454356
0.007659912,-0.0060577393,0.032440186,1065525058342051
0.018844604,-0.041732788,-0.023483276,1065525068260264
0.014572144,-0.0662384,-0.066085815,1065525078147959
0.0033874512,-0.04119873,-0.06661987,1065525088035655
-0.009918213,-0.0076446533,-0.061294556,1065525097953868
-0.008331299,0.0317688,0.007949829,1065525107841563
0.010848999,0.06478882,0.108078,1065525117729258
0.0012664795,0.06425476,0.074523926,1065525127616954
-0.006729126,-0.021499634,-0.06289673,1065525137504649
-0.0030059814,-0.07369995,-0.14172363,1065525147422862
0.0018005371,-0.035873413,-0.044784546,1065525157310557
-0.020050049,0.018981934,0.0335083,1065525167228770
-0.005126953,0.021652222,0.06227112,1065525177116465
0.0028533936,0.03656006,0.05747986,1065525187004161
7.324219E-4,0.046676636,0.053222656,1065525196891856
0.01777649,0.02217102,0.03404236,1065525206779551
0.028961182,-0.03640747,-0.0069732666,1065525216697764
-0.006729126,0.009399414,-0.033065796,1065525226585459
0.018310547,0.0552063,0.11393738,1065525236473155
0.016708374,0.08929443,0.18797302,1065525246391368
0.0012664795,0.026977539,0.062805176,1065525256279063
-0.0030059814,-0.07476807,-0.10017395,1065525266136241
-0.028030396,-0.057724,-0.14118958,1065525276054454
-0.009918213,-0.031082153,0.016998291,1065525285942149
0.011917114,0.039215088,0.17306519,1065525295829844
0.016708374,0.048812866,0.16986084,1065525305748057
0.0018005371,0.009933472,0.04257202,1065525315635752
0.011383057,0.016326904,0.08358765,1065525325523448
0.033218384,0.09194946,0.25508118,1065525335411143
0.019378662,0.12284851,0.24177551,1065525345298838
-0.015777588,0.042419434,0.03404236,1065525355217051
-0.011520386,-0.047058105,-0.08366394,1065525365074229
0.015106201,-0.028427124,0.005279541,1065525374992442
0.033218384,0.08609009,0.16827393,1065525384880137
0.020431519,0.12017822,0.1469574,1065525394798350
-0.005126953,0.0030059814,-0.045318604,1065525404686045
-0.0045928955,-0.1642456,-0.20722961,1065525414573741
-0.015777588,-0.1754303,-0.23866272,1065525424461436
-0.012054443,-0.063568115,-0.10549927,1065525434349131
-0.019515991,0.082901,0.07345581,1065525444236827
0.044403076,0.16705322,0.29023743,1065525454155040
0.056121826,0.27038574,0.30621338,1065525464042735
0.019897461,0.08929443,-0.03413391,1065525473930430
-0.039749146,-0.24360657,-0.44158936,1065525483818125
-0.016311646,-0.19194031,-0.47088623,1065525493705821
-0.016845703,-0.04812622,-0.292984,1065525503593516
-0.06958008,-0.009246826,-0.17687988,1065525513511729
-0.047210693,0.034957886,-0.05329895,1065525523399424
-0.012588501,0.057861328,0.030853271,1065525533287120
-0.0014038086,0.063186646,0.06227112,1065525543174815
0.023635864,0.035491943,0.05961609,1065525553062510
-3.3569336E-4,0.011520386,-0.047973633,1065525562950206
0.006591797,-0.0028533936,-0.06715393,1065525572837901
0.019897461,0.02217102,0.016464233,1065525582756114
0.010314941,0.015792847,0.002090454,1065525592643809
-0.018447876,-0.022033691,-0.124679565,1065525602531504
-0.0061950684,-0.040145874,-0.12574768,1065525612449717
-0.010986328,0.009399414,-0.028274536,1065525622337413
-0.04827881,0.03869629,-0.04425049,1065525632225108
-0.021102905,-0.046524048,-0.11935425,1065525642112803
0.0018005371,-0.042266846,-0.09538269,1065525652000498
0.007659912,0.015258789,0.042037964,1065525661888194
0.014038086,0.037094116,0.10328674,1065525671775889
0.0055236816,0.054138184,0.06919861,1065525681663584
0.01777649,0.020050049,0.030319214,1065525691551280
0.03642273,-0.02947998,0.008483887,1065525701469493
0.020431519,-0.026824951,0.005279541,1065525711357188
0.010314941,-0.004989624,0.04096985,1065525721244883
0.010848999,0.010986328,0.05908203,1065525731163096
0.023101807,-0.012969971,0.04096985,1065525741050791
0.014038086,-0.05984497,-0.037322998,1065525750938487
0.008712769,-0.06942749,-0.10017395,1065525760826182
0.024169922,-0.05558777,-0.082595825,1065525770713877
0.023101807,-0.042266846,-0.03945923,1065525780601573
-0.006729126,-0.04333496,-0.060760498,1065525790489268
-0.02909851,-0.021499634,-0.087387085,1065525800407481
-0.0072631836,0.0072631836,-0.011230469,1065525810295176
0.011917114,0.032836914,0.04043579,1065525820213389
0.0055236816,0.012588501,0.012741089,1065525830101084
-0.020050049,-0.0055236816,-0.036254883,1065525839988780
-0.018981934,0.012054443,-0.02507019,1065525849876475
-0.0035247803,0.027511597,0.027648926,1065525859764170
-8.69751E-4,-0.0017852783,0.030853271,1065525869651866
0.0012664795,3.3569336E-4,-0.0069732666,1065525879539561
-0.0024719238,-7.324219E-4,-0.023483276,1065525889457774
0.0028533936,-0.021499634,-0.019744873,1065525899345469
0.004989624,-0.028427124,-0.028808594,1065525909233165
-0.013656616,-0.032684326,-0.07673645,1065525919120860
-0.020050049,-0.019897461,-0.09698486,1065525929008555
-0.01524353,-0.002319336,-0.07727051,1065525938896250
-0.016845703,-0.015640259,-0.07673645,1065525948783946
-0.0024719238,-0.04866028,-0.10284424,1065525958702159
0.0071258545,-0.040664673,-0.09591675,1065525968589854
0.0044555664,-0.027893066,-0.06236267,1065525978477549
-0.004058838,-0.019363403,-0.05117798,1065525988365245
-0.012588501,-0.03161621,-0.07034302,1065525998283457
7.324219E-4,-0.04119873,-0.058639526,1065526008171153
0.0044555664,-0.032684326,-0.059692383,1065526018058848
1.9836426E-4,-0.025222778,-0.070877075,1065526027946543
-0.012588501,-0.018295288,-0.09538269,1065526037864756
-0.012054443,-0.016174316,-0.079940796,1065526047752452
-0.011520386,-7.324219E-4,-0.02507019,1065526057640147
-0.0056610107,0.003540039,0.027114868,1065526067527842
-0.0104522705,0.010467529,0.028717041,1065526077446055
-0.009918213,0.018981934,0.027114868,1065526087333750
-0.006729126,0.025375366,0.046829224,1065526097221446
-0.008331299,0.026977539,0.049484253,1065526107109141
-0.008331299,0.023239136,0.03564453,1065526116996836
-0.004058838,0.019515991,0.030319214,1065526126915049
-3.3569336E-4,0.013122559,0.028182983,1065526136802745
-0.0072631836,0.013656616,0.018066406,1065526146690440
-0.009918213,0.009933472,0.0058135986,1065526156608653
-0.0061950684,0.008865356,0.020736694,1065526166496348
-0.0035247803,0.012588501,0.022323608,1065526176384043
-0.0045928955,0.008331299,0.002090454,1065526186271739
-0.007797241,0.0040740967,-0.002166748,1065526196159434
-0.013122559,0.015258789,0.0047454834,1065526206047129
-0.015777588,0.015258789,0.0010223389,1065526215934825
-0.018981934,0.012054443,0.002090454,1065526225853038
-0.016845703,0.011520386,0.0026245117,1065526235740733
-0.012588501,-0.010848999,-0.024551392,1065526245628428
-0.011520386,-0.014038086,-0.040527344,1065526255546641
-0.005126953,0.003540039,0.0047454834,1065526265434336
-0.0061950684,0.01737976,0.032974243,1065526275291514
-0.0104522705,0.023239136,0.024993896,1065526285209727
-0.008331299,-0.0028533936,0.004211426,1065526295097422
-0.0104522705,-0.02468872,-0.03253174,1065526304985118
-0.013122559,-0.02468872,-0.042648315,1065526314903331
-0.020050049,-0.008178711,-0.007507324,1065526324791026
-0.034423828,-0.0017852783,0.004211426,1065526334678721
-0.041885376,-0.0055236816,-0.015487671,1065526344566416
-0.040283203,-0.003921509,-0.015487671,1065526354484629
-0.037094116,0.010986328,-0.004837036,1065526364372325
-0.01524353,0.0061950684,0.0047454834,1065526374260020
0.007659912,0.005126953,0.020736694,1065526384147715
0.011917114,0.0072631836,0.04043579,1065526394035411
0.01777649,-0.010848999,0.03883362,1065526403953623
0.030029297,-0.012969971,0.03829956,1065526413841319
0.03694153,0.018981934,0.0526886,1065526423698497
0.041748047,0.023773193,0.053756714,1065526433616709
0.026824951,0.008865356,0.015930176,1065526443504405
0.009246826,-0.028427124,-0.04159546,1065526453422618
0.009246826,-0.030014038,-0.03892517,1065526463310313
0.012451172,-0.0012512207,0.0047454834,1065526473198008
0.012451172,0.037628174,0.042037964,1065526483085704
-0.0035247803,0.048812866,0.036712646,1065526492973399
-0.006729126,0.031234741,0.004211426,1065526502861094
-0.004058838,0.0019378662,-0.02507019,1065526512748790
0.0012664795,-0.023101807,-0.043182373,1065526522667002
0.0023345947,-0.03161621,-0.049575806,1065526532554698
1.9836426E-4,-0.014572144,-0.027740479,1065526542442393
-0.0045928955,0.003540039,-5.79834E-4,1065526552330088
-0.0104522705,-0.0060577393,-0.007507324,1065526562217784
-0.009384155,-0.015106201,-0.022415161,1065526572105479
-0.016845703,-0.012435913,-0.045318604,1065526582023692
-0.023239136,0.0056610107,-0.042114258,1065526591911387
-0.025909424,0.016845703,-0.03945923,1065526601799082
-0.01737976,0.023773193,-0.022949219,1065526611686778
-0.013656616,0.024307251,0.021255493,1065526621604991
-0.013122559,0.0072631836,0.0047454834,1065526631492686
-0.013656616,-0.009246826,-0.036254883,1065526641380381
-0.017913818,-0.015106201,-0.03945923,1065526651268077
-0.024307251,-0.003921509,-0.028808594,1065526661155772
-0.027496338,3.3569336E-4,-0.01335144,1065526671073985
-0.020050049,-0.011383057,-0.018692017,1065526680961680
-0.018447876,-0.011383057,-0.047439575,1065526690849375
-0.019515991,-0.0012512207,-0.049575806,1065526700767588
-0.023773193,0.0024719238,-0.049575806,1065526710655284
-0.029632568,0.0046081543,-0.06289673,1065526720542979
-0.028030396,-0.009780884,-0.057037354,1065526730430674
-0.022705078,-0.015640259,-0.049575806,1065526740318370
-0.023239136,-0.018829346,-0.051712036,1065526750206065
-0.021636963,-0.018829346,-0.04425049,1065526760124278
-0.013656616,-0.016174316,-0.030929565,1065526770011973
-0.016845703,-0.006576538,-0.038391113,1065526779899668
-0.014190674,-0.002319336,-0.0410614,1065526789787364
-0.014709473,-0.0055236816,-0.04371643,1065526799675059
-0.014190674,-0.014038086,-0.061294556,1065526809593272
-0.011520386,-0.020965576,-0.0650177,1065526819480967
-0.009384155,-0.015106201,-0.047973633,1065526829368663
-0.011520386,-0.0044555664,-0.021881104,1065526839256358
-0.016311646,0.006729126,-0.025604248,1065526849144053
-0.009918213,0.0014038086,-0.019210815,1065526859062266
0.0012664795,0.0019378662,-0.0032348633,1065526868949961
-0.0014038086,0.018981934,0.005279541,1065526878837657
-0.0014038086,0.015792847,-0.003768921,1065526888725352
-0.0014038086,-7.324219E-4,-0.026672363,1065526898613047
0.00819397,-0.012435913,-0.029342651,1065526908500743
0.0023345947,-0.018829346,-0.051712036,1065526918418956
0.003921509,-0.021499634,-0.05596924,1065526928306651
0.014038086,-0.012969971,-0.022949219,1065526938194346
0.0033874512,0.007797241,4.8828125E-4,1065526948112559
7.324219E-4,0.015792847,0.021255493,1065526958000254
0.015640259,0.010467529,0.03617859,1065526967887950
0.019897461,0.005126953,0.012741089,1065526977775645
0.003921509,0.0024719238,-0.042648315,1065526987663340
0.007659912,-0.0071105957,-0.046920776,1065526997551036
0.008712769,-0.008178711,-0.024551392,1065527007438731
-8.69751E-4,0.0072631836,-0.0016479492,1065527017356944
0.008712769,0.0056610107,0.034576416,1065527027244639
0.024169922,0.005126953,0.05001831,1065527037132334
0.016174316,0.010467529,0.051086426,1065527047020030
0.021499634,0.012588501,0.060684204,1065527056907725
0.016708374,0.008865356,0.02659607,1065527066795420
0.014038086,-0.008178711,-0.02027893,1065527076713633
0.0129852295,-0.019897461,-0.054901123,1065527086601329
0.0033874512,-0.024154663,-0.068222046,1065527096519541
0.015640259,-0.032684326,-0.03678894,1065527106407237
0.013519287,-0.02947998,-0.016021729,1065527116264415
0.0044555664,-0.033218384,-0.010696411,1065527126121592
0.0060577393,-0.042800903,-0.028274536,1065527136039805
0.00819397,-0.04600525,-0.04850769,1065527145958018
0.0060577393,-0.04119873,-0.044784546,1065527155815196
-0.0014038086,-0.03161621,-0.029876709,1065527165733409
-0.0030059814,-0.025756836,0.01966858,1065527175651622
0.010848999,-0.018295288,0.077194214,1065527185569834
0.0060577393,-0.023620605,0.07345581,1065527195457530
-0.014190674,-0.0342865,0.009017944,1065527205345225
-0.034423828,-0.026290894,-0.030929565,1065527215202403
-0.021636963,-0.025756836,-0.009628296,1065527225120616
-0.0030059814,-0.012435913,0.039901733,1065527235008311
-0.0024719238,0.003540039,0.07824707,1065527244896006
-0.0014038086,0.013656616,0.08251953,1065527254814219
-0.008331299,0.008865356,0.018600464,1065527264701915
-0.004058838,0.0024719238,-0.01335144,1065527274589610
0.0071258545,-0.0044555664,0.022323608,1065527284477305
0.013519287,3.3569336E-4,0.064941406,1065527294365000
0.009246826,0.026977539,0.09742737,1065527304252696
0.0028533936,0.028030396,0.07398987,1065527314170909
7.324219E-4,0.015792847,0.023391724,1065527324058604
-3.3569336E-4,0.0040740967,-0.007507324,1065527333946299
-0.0035247803,-0.002319336,-0.022415161,1065527343833995
-8.69751E-4,-1.9836426E-4,-0.030395508,1065527353721690
-0.009384155,0.011520386,-0.04159546,1065527363609385
-0.0024719238,0.035491943,0.014343262,1065527373527598
0.0044555664,0.030700684,0.032440186,1065527383415293
0.0060577393,0.0040740967,-0.006439209,1065527393333506
0.010314941,-0.009780884,-0.024551392,1065527403221202
0.011917114,-0.017242432,-0.023483276,1065527413108897
0.010314941,-0.0071105957,-0.019744873,1065527422996592
7.324219E-4,-0.002319336,-0.021347046,1065527432884288
-0.0030059814,-0.003921509,-0.03466797,1065527442771983
-0.0045928955,0.0019378662,-0.026672363,1065527452659678
-0.004058838,0.006729126,-0.017089844,1065527462577891
-0.004058838,0.01737976,-0.0043029785,1065527472465586
-0.0035247803,0.012588501,-0.0059051514,1065527482353282
-8.69751E-4,0.012054443,-0.009628296,1065527492271495
-0.0019378662,0.0072631836,-0.012298584,1065527502159190
-8.69751E-4,-0.0055236816,-0.029342651,1065527512016368
0.004989624,0.0040740967,-0.012298584,1065527521957953
0.0012664795,0.012588501,-0.002166748,1065527531845648
-0.0030059814,0.014190674,-0.014953613,1065527541763861
-0.006729126,0.022705078,-0.014419556,1065527551621038
-0.0019378662,0.026977539,0.002090454,1065527561508734
0.015640259,0.0317688,0.03829956,1065527571396429
0.016708374,0.030700684,0.04576111,1065527581284124
0.013519287,0.011520386,0.016998291,1065527591171820
0.010314941,0.008865356,0.0026245117,1065527601090033
0.003921509,0.018981934,-0.003768921,1065527611008245
7.324219E-4,0.03388977,-0.0011138916,1065527620895941
0.0012664795,0.041885376,0.0063476563,1065527630783636
0.0023345947,0.037094116,0.004211426,1065527640671331
0.0129852295,0.026977539,0.003692627,1065527650589544
0.015640259,0.009399414,-0.018692017,1065527660477240
0.016174316,-0.006576538,-0.042648315,1065527670364935
0.011917114,0.0072631836,-0.024017334,1065527680252630
0.011917114,0.025375366,0.018066406,1065527690140326
0.007659912,0.044021606,0.04576111,1065527700028021
0.0012664795,0.04827881,0.04096985,1065527709946234
-0.004058838,0.035491943,0.021255493,1065527719833929
-0.0019378662,0.027511597,0.016998291,1065527729721624
0.0012664795,0.014190674,0.011138916,1065527739609320
0.004989624,0.009933472,0.011672974,1065527749497015
0.0060577393,0.0072631836,0.0058135986,1065527759384710
0.009780884,0.0030059814,0.015396118,1065527769272406
0.0044555664,-1.9836426E-4,0.010604858,1065527779190619
0.006591797,0.0014038086,0.028717041,1065527789078314
0.006591797,0.0014038086,0.03883362,1065527798966009
0.0044555664,0.0014038086,0.026062012,1065527808884222
0.003921509,0.006729126,0.01966858,1065527818771917
-0.0035247803,0.013656616,0.003692627,1065527828659613
-0.0030059814,0.006729126,-4.5776367E-5,1065527838547308
1.9836426E-4,0.009399414,0.023391724,1065527848465521
0.0055236816,0.010467529,0.037246704,1065527858353216
0.0071258545,0.007797241,0.03829956,1065527868240912
0.0055236816,0.0019378662,0.032440186,1065527878128607
0.0023345947,-0.0017852783,0.016998291,1065527888046820
-0.0045928955,8.69751E-4,0.0026245117,1065527897934515
-0.0024719238,0.0072631836,0.007949829,1065527907791693
-0.0035247803,0.014190674,0.010604858,1065527917709906
-0.004058838,0.015258789,0.019134521,1065527927597601
0.003921509,0.009933472,0.028717041,1065527937485296
0.0023345947,0.005126953,0.017532349,1065527947403509
-0.0024719238,0.003540039,0.0026245117,1065527957291204
0.0023345947,0.003540039,-5.79834E-4,1065527967178900
-3.3569336E-4,-1.9836426E-4,-0.008026123,1065527977066595
-3.3569336E-4,-0.0060577393,-0.009628296,1065527986954290
0.0023345947,0.005126953,0.011672974,1065527996841986
-0.0014038086,0.011520386,0.023925781,1065528006729681
-0.0019378662,0.008865356,0.019134521,1065528016647894
0.0023345947,0.006729126,0.023925781,1065528026535589
-0.0014038086,0.0040740967,0.018600464,1065528036453802
-0.0024719238,-0.0028533936,0.0010223389,1065528046341497
-0.0019378662,-0.006576538,-0.009628296,1065528056198675
-0.0030059814,-0.0060577393,-0.0101623535,1065528066086370
-3.3569336E-4,-0.0055236816,-5.79834E-4,1065528076004583
-0.0035247803,-0.0033874512,0.0031585693,1065528085892279
-0.0072631836,0.0024719238,0.0010223389,1065528095779974
-0.006729126,0.006729126,0.0047454834,1065528105698187
-0.0056610107,0.010986328,0.005279541,1065528115585882
-0.0045928955,0.011520386,0.0074157715,1065528125473578
0.0023345947,0.009399414,0.016464233,1065528135361273
0.008712769,0.006729126,0.026062012,1065528145248968
0.0060577393,0.009399414,0.032974243,1065528155136663
0.011383057,0.016845703,0.039367676,1065528165054876
0.023101807,0.026443481,0.05747986,1065528174942572
0.022567749,0.039749146,0.07292175,1065528184830267
0.016174316,0.032836914,0.05961609,1065528194717962
0.008712769,0.020584106,0.03404236,1065528204605658
0.0012664795,0.016845703,0.018066406,1065528214523870
0.0012664795,0.021652222,0.024459839,1065528224411566
1.9836426E-4,0.022705078,0.032440186,1065528234329779
-8.69751E-4,0.01737976,0.0335083,1065528244217474
-8.69751E-4,0.010467529,0.027648926,1065528254105169
-0.0045928955,0.0061950684,0.011672974,1065528263992865
-0.0014038086,-1.9836426E-4,0.002090454,1065528273880560
-3.3569336E-4,8.69751E-4,0.0015563965,1065528283768255
-3.3569336E-4,0.006729126,0.0026245117,1065528293686468
1.9836426E-4,0.008331299,0.0047454834,1065528303543646
0.0023345947,0.012588501,0.011672974,1065528313461859
-0.0014038086,0.016845703,0.011672974,1065528323349554
-0.0019378662,0.015792847,0.0058135986,1065528333237249
0.0018005371,0.008865356,0.0026245117,1065528343124945
-0.0019378662,3.3569336E-4,0.0026245117,1065528353043158
-0.0024719238,0.0014038086,0.002090454,1065528362930853
-0.0061950684,0.010467529,0.0010223389,1065528372849066
-0.0056610107,0.008331299,0.0010223389,1065528382736761
-0.008331299,0.008331299,4.8828125E-4,1065528392624456
-0.0061950684,0.0072631836,-5.79834E-4,1065528402512152
-0.0030059814,0.0056610107,4.8828125E-4,1065528412399847
0.0018005371,0.005126953,4.8828125E-4,1065528422287542
-3.3569336E-4,0.007797241,-0.0016479492,1065528432175238
-0.0014038086,0.011520386,-5.79834E-4,1065528442093451
-0.0014038086,0.014724731,-0.0016479492,1065528451950628
-0.0056610107,0.020584106,-0.0011138916,1065528461868841
-0.0061950684,0.024841309,-4.5776367E-5,1065528471756537
-0.0045928955,0.024307251,-4.5776367E-5,1065528481644232
-0.0045928955,0.011520386,-5.79834E-4,1065528491562445
-0.0014038086,-0.0071105957,0.0026245117,1065528501450140
0.0033874512,-0.011917114,0.0026245117,1065528511337835
0.0012664795,-0.0033874512,4.8828125E-4,1065528521256048
7.324219E-4,3.3569336E-4,4.8828125E-4,1065528531143744
0.0018005371,-7.324219E-4,-4.5776367E-5,1065528541031439
7.324219E-4,0.003540039,-5.79834E-4,1065528550888617
1.9836426E-4,0.005126953,-0.0016479492,1065528560806829
0.0018005371,0.0030059814,-5.79834E-4,1065528570694525
0.0018005371,0.003540039,4.8828125E-4,1065528580612738
7.324219E-4,8.69751E-4,0.0026245117,1065528590500433
-3.3569336E-4,-0.003921509,0.0010223389,1065528600388128
0.0012664795,-0.006576538,0.0015563965,1065528610275824
7.324219E-4,-0.0076446533,0.0010223389,1065528620194037
-3.3569336E-4,-0.0012512207,0.0015563965,1065528630081732
0.0028533936,0.003540039,4.8828125E-4,1065528639969427
0.004989624,0.0040740967,0.002090454,1065528649857122
0.0018005371,0.0040740967,0.003692627,1065528659744818
0.0023345947,-0.0017852783,0.003692627,1065528669632513
0.0012664795,-0.006576538,0.004211426,1065528679520208
7.324219E-4,-0.0060577393,0.0015563965,1065528689407904
7.324219E-4,-0.010314941,0.0010223389,1065528699295599
0.0023345947,-0.014572144,0.0026245117,1065528709213812
0.004989624,-0.014038086,4.8828125E-4,1065528719101507
0.0055236816,-0.010848999,-4.5776367E-5,1065528729019720
0.003921509,-0.0076446533,-4.5776367E-5,1065528738907415
0.0028533936,-0.0071105957,4.8828125E-4,1065528748795111
-0.0014038086,-0.008178711,0.0010223389,1065528758682806
-0.0014038086,-0.009246826,0.0010223389,1065528768570501
-0.0035247803,-0.004989624,-5.79834E-4,1065528778458197
-0.0014038086,-0.003921509,0.0015563965,1065528788345892
7.324219E-4,-0.0044555664,4.8828125E-4,1065528798264105
0.0028533936,-0.008178711,0.0010223389,1065528808151800
0.0044555664,-0.009246826,-4.5776367E-5,1065528818039495
0.0028533936,-0.002319336,-4.5776367E-5,1065528827957708
0.0012664795,0.006729126,4.8828125E-4,1065528837845404
7.324219E-4,0.0056610107,-0.0016479492,1065528847702581
0.0033874512,8.69751E-4,-0.0011138916,1065528857620794
0.006591797,0.0019378662,-4.5776367E-5,1065528867508490
0.0033874512,0.003540039,0.0010223389,1065528877396185
0.0012664795,0.0046081543,4.8828125E-4,1065528887283880
-8.69751E-4,0.0030059814,0.0031585693,1065528897202093
-8.69751E-4,0.0030059814,0.003692627,1065528907089788
-0.0030059814,0.0056610107,0.002090454,1065528917008001
-0.0014038086,0.0019378662,4.8828125E-4,1065528926895697
-3.3569336E-4,-0.0012512207,-4.5776367E-5,1065528936752874
0.0012664795,-0.0028533936,-4.5776367E-5,1065528946671087
-3.3569336E-4,0.0024719238,-5.79834E-4,1065528956558783
-0.0024719238,0.0072631836,-5.79834E-4,1065528966446478
1.9836426E-4,0.0030059814,-5.79834E-4,1065528976364691
1.9836426E-4,-7.324219E-4,4.8828125E-4,1065528986252386
0.0018005371,-0.003921509,4.8828125E-4,1065528996140081
0.0018005371,-0.0033874512,-5.79834E-4,1065529006027777
0.0023345947,-0.003921509,-5.79834E-4,1065529015915472
0.0023345947,-0.0055236816,4.8828125E-4,1065529025803167
7.324219E-4,-0.006576538,4.8828125E-4,1065529035690863
7.324219E-4,-0.004989624,-4.5776367E-5,1065529045578558
0.0012664795,-0.004989624,4.8828125E-4,1065529055496771
7.324219E-4,-0.006576538,4.8828125E-4,1065529065384466
-3.3569336E-4,-0.0028533936,4.8828125E-4,1065529075272162
-0.0014038086,0.0040740967,4.8828125E-4,1065529085190374
1.9836426E-4,0.009399414,-5.79834E-4,1065529095078070
1.9836426E-4,0.006729126,-0.0016479492,1065529104965765
-8.69751E-4,0.0056610107,-5.79834E-4,1065529114853460
0.0018005371,8.69751E-4,-4.5776367E-5,1065529124771673
0.0044555664,-0.003921509,0.0010223389,1065529134659369
0.004989624,-0.004989624,0.0015563965,1065529144547064
0.0060577393,-0.0071105957,0.0010223389,1065529154465277
0.0060577393,-0.0076446533,4.8828125E-4,1065529164352972
0.0055236816,-0.011917114,0.0010223389,1065529174240667
0.0060577393,-0.013504028,0.0026245117,1065529184097845
0.0044555664,-0.0028533936,0.0026245117,1065529194016058
0.0012664795,0.009933472,4.8828125E-4,1065529203903753
0.003921509,0.0056610107,4.8828125E-4,1065529213821966
0.0044555664,-0.0033874512,4.8828125E-4,1065529223709662
0.0033874512,8.69751E-4,-4.5776367E-5,1065529233597357
0.0018005371,0.005126953,-0.0011138916,1065529243485052
0.0018005371,0.008331299,-5.79834E-4,1065529253372747
0.004989624,0.0061950684,-0.0011138916,1065529263260443
0.003921509,0.0024719238,-0.0011138916,1065529273148138
0.0033874512,-1.9836426E-4,0.0015563965,1065529283066351
0.0012664795,0.0019378662,4.8828125E-4,1065529292954046
0.003921509,0.0030059814,-0.0011138916,1065529302841742
0.0033874512,0.003540039,-4.5776367E-5,1065529312729437
0.0023345947,0.0056610107,4.8828125E-4,1065529322617132
0.0028533936,0.0056610107,4.8828125E-4,1065529332504828
0.0055236816,-1.9836426E-4,-0.0011138916,1065529342423040
0.006591797,8.69751E-4,-5.79834E-4,1065529352310736
0.006591797,-1.9836426E-4,-4.5776367E-5,1065529362198431
0.0071258545,-0.0033874512,0.0010223389,1065529372116644
0.004989624,-0.003921509,-4.5776367E-5,1065529382004339
0.0044555664,-7.324219E-4,4.8828125E-4,1065529391861517
0.0055236816,0.0024719238,-4.5776367E-5,1065529401779730
0.0055236816,-0.0028533936,0.0010223389,1065529411667425
0.009780884,-0.015106201,0.0026245117,1065529421555120
0.015640259,-0.028961182,0.0031585693,1065529431473333
0.016174316,-0.031082153,0.0031585693,1065529441361029
0.014572144,-0.023101807,0.0031585693,1065529451248724
0.0129852295,-0.022567749,0.0031585693,1065529461166937
0.010848999,-0.016708374,0.003692627,1065529471054632
0.0071258545,-0.008178711,0.003692627,1065529480942328
0.008712769,-0.006576538,0.002090454,1065529490830023
0.008712769,-0.002319336,0.0026245117,1065529500717718
0.0071258545,8.69751E-4,0.0031585693,1065529510605413
0.006591797,-0.002319336,0.0015563965,1065529520493109
0.007659912,-0.0071105957,4.8828125E-4,1065529530411322
0.009246826,-0.0060577393,-4.5776367E-5,1065529540299017
0.006591797,-0.0044555664,4.8828125E-4,1065529550186712
0.0044555664,0.0024719238,-0.0011138916,1065529560074408
0.0033874512,0.008331299,-0.0011138916,1065529569992620
0.004989624,0.0046081543,-4.5776367E-5,1065529579849798
0.004989624,0.0072631836,-4.5776367E-5,1065529589768011
0.0023345947,0.012054443,-0.0016479492,1065529599655706
0.0044555664,0.0072631836,0.0010223389,1065529609543402
0.0033874512,0.0046081543,0.0015563965,1065529619431097
0.0071258545,0.006729126,4.8828125E-4,1065529629349310
0.004989624,0.008331299,0.0010223389,1065529639237005
0.0044555664,0.005126953,0.0010223389,1065529649124701
0.00819397,0.0014038086,0.002090454,1065529659012396
0.015640259,-0.008712769,0.0031585693,1065529668930609
0.020965576,-0.013504028,0.002090454,1065529678818304
0.0071258545,0.0030059814,-4.5776367E-5,1065529688705999
0.00819397,0.008331299,-4.5776367E-5,1065529698593695
0.0071258545,0.007797241,-5.79834E-4,1065529708481390
0.008712769,8.69751E-4,0.0010223389,1065529718369085
0.011917114,-0.008712769,0.0015563965,1065529728256781
0.009780884,-0.006576538,0.0015563965,1065529738174994
0.00819397,-7.324219E-4,0.0010223389,1065529748062689
0.0033874512,0.0056610107,-0.0011138916,1065529757950384
0.004989624,0.0072631836,-5.79834E-4,1065529767868597
0.003921509,0.0030059814,-5.79834E-4,1065529777756292
7.324219E-4,0.0061950684,-0.0011138916,1065529787643988
1.9836426E-4,0.014190674,-0.0011138916,1065529797531683
1.9836426E-4,0.012054443,0.0010223389,1065529807419378
0.0018005371,0.0024719238,0.0015563965,1065529817307074
0.0044555664,-0.0060577393,0.0026245117,1065529827225287
0.0044555664,-0.008178711,0.0010223389,1065529837112982
0.004989624,-0.006576538,0.002090454,1065529847000677
0.0012664795,0.0014038086,4.8828125E-4,1065529856888372
1.9836426E-4,0.0030059814,4.8828125E-4,1065529866776068
0.0018005371,0.0056610107,-0.0011138916,1065529876663763
7.324219E-4,0.007797241,-5.79834E-4,1065529886581976
-0.0014038086,0.010467529,-5.79834E-4,1065529896469671
1.9836426E-4,0.006729126,-4.5776367E-5,1065529906357367
0.0012664795,3.3569336E-4,-4.5776367E-5,1065529916275579
7.324219E-4,-7.324219E-4,0.0015563965,1065529926163275
0.0023345947,-7.324219E-4,4.8828125E-4,1065529936050970
0.0018005371,0.0030059814,-4.5776367E-5,1065529945938665
-8.69751E-4,0.0072631836,4.8828125E-4,1065529955826361
0.0012664795,0.0061950684,0.0010223389,1065529965714056
1.9836426E-4,0.0046081543,4.8828125E-4,1065529975601751
7.324219E-4,-1.9836426E-4,-4.5776367E-5,1065529985489447
0.0028533936,-1.9836426E-4,-4.5776367E-5,1065529995377142
-0.0019378662,0.010467529,-0.0011138916,1065530005264837
1.9836426E-4,0.006729126,-4.5776367E-5,1065530015183050
0.0023345947,-7.324219E-4,-4.5776367E-5,1065530025070745
0.0012664795,-0.0033874512,-0.0011138916,1065530034988958
0.0023345947,-0.0028533936,4.8828125E-4,1065530044876654
-8.69751E-4,0.007797241,4.8828125E-4,1065530054764349
-8.69751E-4,0.0072631836,4.8828125E-4,1065530064652044
0.0012664795,0.0030059814,4.8828125E-4,1065530074539740
1.9836426E-4,0.0014038086,-4.5776367E-5,1065530084427435
-3.3569336E-4,0.0014038086,4.8828125E-4,1065530094315130
0.0012664795,0.0019378662,-0.0011138916,1065530104202826
-0.0024719238,0.008331299,-0.0011138916,1065530114090521
-0.0030059814,0.008331299,-4.5776367E-5,1065530124008734
-3.3569336E-4,0.003540039,-4.5776367E-5,1065530133896429
0.0028533936,-0.002319336,-4.5776367E-5,1065530143784124
0.0012664795,-0.0012512207,-4.5776367E-5,1065530153702337
7.324219E-4,-7.324219E-4,-4.5776367E-5,1065530163590033
1.9836426E-4,3.3569336E-4,4.8828125E-4,1065530173477728
-3.3569336E-4,0.0019378662,0.0010223389,1065530183365423
1.9836426E-4,0.0024719238,4.8828125E-4,1065530193253119
0.0023345947,-1.9836426E-4,0.0010223389,1065530203140814
7.324219E-4,0.0014038086,-4.5776367E-5,1065530213059027
-8.69751E-4,0.0019378662,4.8828125E-4,1065530222946722
-0.0014038086,0.0030059814,0.0015563965,1065530232834417
-0.0014038086,0.003540039,0.0010223389,1065530242752630
-3.3569336E-4,0.0019378662,4.8828125E-4,1065530252640326
0.0023345947,-0.0017852783,0.002090454,1065530262528021
7.324219E-4,-0.006576538,0.0015563965,1065530272415716
0.0012664795,-0.0076446533,4.8828125E-4,1065530282303412
0.0023345947,-0.0060577393,0.0010223389,1065530292191107
0.0033874512,-0.0012512207,0.0015563965,1065530302109320
0.0012664795,-0.0012512207,-0.0011138916,1065530311997015
0.0012664795,-0.0017852783,-5.79834E-4,1065530321884710
0.0018005371,-0.002319336,4.8828125E-4,1065530331802923
7.324219E-4,-0.002319336,-4.5776367E-5,1065530341690619
0.0018005371,-0.006576538,4.8828125E-4,1065530351578314
0.0023345947,-0.0033874512,4.8828125E-4,1065530361466009
0.0023345947,-0.0017852783,4.8828125E-4,1065530371384222
0.0018005371,-0.0033874512,0.0010223389,1065530381271917
1.9836426E-4,-0.0033874512,0.0010223389,1065530391159613
-8.69751E-4,-7.324219E-4,0.0010223389,1065530401047308
-0.021102905,0.022705078,-0.0027008057,1065530410935003
-0.015777588,0.015792847,-0.0011138916,1065530420822699
-0.01524353,0.01737976,-4.5776367E-5,1065530430710394
-0.016311646,0.020050049,-4.5776367E-5,1065530440598089
-0.014190674,0.018981934,-5.79834E-4,1065530450485785
-0.015777588,0.016845703,-0.002166748,1065530460403997
-0.014709473,0.018981934,-0.0016479492,1065530470291693
-0.009918213,0.021652222,-0.0011138916,1065530480179388
0.0033874512,0.014190674,4.8828125E-4,1065530490097601
0.013519287,8.69751E-4,0.0031585693,1065530499985296
0.019897461,-0.010848999,0.0010223389,1065530509872992
0.015640259,-0.011383057,-4.5776367E-5,1065530519760687
0.018310547,-0.013504028,0.0010223389,1065530529648382
0.013519287,-0.012435913,0.0026245117,1065530539566595
0.009780884,-0.009246826,0.0010223389,1065530549454290
0.00819397,-0.008178711,4.8828125E-4,1065530559341986
0.0055236816,-0.002319336,0.0010223389,1065530569229681
0.0018005371,-0.0033874512,4.8828125E-4,1065530579117376
0.0012664795,-0.0044555664,-4.5776367E-5,1065530589035589
0.0018005371,3.3569336E-4,-5.79834E-4,1065530598923285
1.9836426E-4,-1.9836426E-4,0.0010223389,1065530608810980
7.324219E-4,0.0019378662,4.8828125E-4,1065530618729193
0.0012664795,0.003540039,-0.0011138916,1065530628616888
0.0012664795,0.0019378662,-0.0016479492,1065530638504583
0.0023345947,3.3569336E-4,-0.0016479492,1065530648422796
0.0012664795,0.0014038086,-5.79834E-4,1065530658310492
-3.3569336E-4,-7.324219E-4,-5.79834E-4,1065530668167669
0.0023345947,-0.003921509,4.8828125E-4,1065530678085882
0.003921509,-0.0033874512,4.8828125E-4,1065530687973578
0.0018005371,-7.324219E-4,0.0010223389,1065530697861273
-3.3569336E-4,-1.9836426E-4,0.0015563965,1065530707779486
-3.3569336E-4,-0.0017852783,4.8828125E-4,1065530717667181
7.324219E-4,-0.0033874512,-4.5776367E-5,1065530727524359
-3.3569336E-4,3.3569336E-4,0.0015563965,1065530737442572
0.0012664795,0.0024719238,4.8828125E-4,1065530747330267
0.0012664795,8.69751E-4,0.0010223389,1065530757217962
7.324219E-4,0.0014038086,0.0010223389,1065530767105658
-8.69751E-4,0.0024719238,4.8828125E-4,1065530777023870
