0.021288067,-0.012440443,0.062169075,1065520368736338
0.01709944,0.0040213168,0.00111866,1065520378624034
0.02719596,0.017747477,-0.01418972,1065520388542247
0.027919859,0.004211411,0.008421898,1065520398429942
0.0029179156,0.01449275,-0.0070285797,1065520408317637
0.005135298,-0.018933415,0.009571075,1065520418174815
0.008389413,-0.022369921,0.021202087,1065520428093028
-0.021142453,-0.008125573,0.017309189,1065520437980723
-0.007640451,-0.012884557,-0.005343437,1065520447837901
0.02223444,-0.008148998,-0.038232803,1065520457756114
0.0068078935,0.0034987181,0.002412796,1065520467643809
0.016172409,-0.0074706376,0.002374649,1065520477562022
-0.011221647,0.006525904,0.003525734,1065520487449717
-6.777942E-4,-0.005492285,-0.01417923,1065520497337413
8.833408E-5,-0.0031885207,-0.016275406,1065520507225108
0.003182739,-0.017510697,0.020511627,1065520517112803
0.007531345,-0.011554584,0.0025281906,1065520527031016
-0.013798654,0.004935384,-0.011630058,1065520536918711
-3.9553642E-4,0.0152768195,0.013267517,1065520546806407
0.025733411,0.019610792,-0.0046081543,1065520556694102
0.005343199,0.017927215,-0.015125275,1065520566581797
-0.012545347,0.012698993,-0.013692856,1065520576469493
-7.941127E-4,0.007524237,0.010092735,1065520586387706
0.0024602711,-0.016358778,0.011112213,1065520596275401
0.0058540106,-0.020869583,-0.014949799,1065520606193614
0.007288456,-0.013573036,-0.031206131,1065520616081309
0.026174635,0.0017106086,0.0022735596,1065520625969004
0.003340274,0.01098159,-0.0024719238,1065520635856700
0.006842047,0.0071946234,-0.0047864914,1065520645744395
0.005452335,-0.01544404,0.0011816025,1065520655632090
-0.0053702295,-0.011733606,-0.005882263,1065520665519786
-0.0055885017,0.010758176,-0.0010566711,1065520675407481
-0.021133363,0.0034860075,-0.0045633316,1065520685325694
-0.012667239,0.01872985,0.035552025,1065520695213389
0.019402623,0.023077905,-0.0074310303,1065520705101084
0.019376636,0.0073387474,0.016221046,1065520714988780
0.004046172,0.0024805665,0.00888443,1065520724876475
-0.013481647,-0.011604682,0.0063695908,1065520734794688
0.021029413,-0.0019038022,0.0027132034,1065520744712901
0.012640476,-0.0054213107,0.0026578903,1065520754570079
0.006846726,-0.01485382,-0.015045166,1065520764488291
-0.026055515,-0.013473302,-0.00892067,1065520774375987
-0.009100974,0.018577874,-0.0134859085,1065520784263682
0.00512743,0.03004776,-0.020326614,1065520794151377
0.009615183,-0.0012092441,-0.0023183823,1065520804039073
0.0129157305,-0.010787442,-0.024645805,1065520813957286
-0.007185608,-0.0012909472,-0.005393982,1065520823875498
0.0024867952,-0.0083949715,0.0029277802,1065520833763194
-0.010471791,0.009447485,-0.013598442,1065520843650889
-0.015001565,-0.0071413964,7.46727E-4,1065520853538584
0.021697342,-0.004732698,0.008975029,1065520863395762
0.013007581,-0.009374693,-5.7792664E-4,1065520873283457
-0.0025562644,0.0014728308,-0.009990692,1065520883171153
0.02464822,-0.001971215,0.02666092,1065520893089366
0.03367591,-0.01368022,0.002673149,1065520902977061
0.022358507,-0.0133586675,0.01911068,1065520912895274
-0.021588266,-0.002379194,0.03409481,1065520922782969
-0.008078963,0.0023935288,0.02292347,1065520932670665
-0.00771904,-0.004861012,-0.0033655167,1065520942588877
-4.18365E-4,-0.009523168,-0.011551857,1065520952476573
-0.006285012,0.015475616,0.006299019,1065520962364268
-1.4525652E-4,0.011671558,0.0167799,1065520972282481
-0.010584354,-0.012188643,-0.0046920776,1065520982139659
-0.007997602,9.6194446E-4,0.0024356842,1065520992027354
0.021687299,-0.0047442466,-0.0011396408,1065521001915049
-0.0019912422,0.0037396103,-0.0011339188,1065521011802745
0.0039458275,-0.023393422,-0.004641533,1065521021690440
0.030761808,-0.014844224,-0.0021982193,1065521031608653
0.026634365,-0.004034117,0.0025396347,1065521041465831
0.02991882,-0.007499233,-0.003394127,1065521051384043
0.018012285,0.009000927,-0.0127773285,1065521061271739
-0.0020632446,0.0063708127,0.013323784,1065521071189952
-0.008064598,0.01678209,0.016651154,1065521081108165
0.0060165524,0.010619223,-0.00834465,1065521090995860
-0.015214384,-0.0058677793,0.015331268,1065521100883555
0.022586823,-9.572357E-4,0.017435074,1065521110771250
-4.7841668E-4,-0.009181365,0.0053977966,1065521120658946
-0.019792855,0.008628085,-0.004091263,1065521130546641
0.021214664,-0.007924065,-0.0075235367,1065521140434336
0.025312066,0.0017337501,-0.010928154,1065521150352549
0.0050263405,0.0135293305,0.009262085,1065521160240245
0.01588419,0.020315945,0.014972687,1065521170158457
0.021620125,0.004622832,-0.006467819,1065521180046153
0.005791694,0.0115759075,-0.01223278,1065521189933848
-0.005133331,0.0030713081,-0.0037784576,1065521199821543
0.0028572083,0.017031565,0.017489433,1065521209709239
-0.025727063,0.0060535967,0.0030946732,1065521219596934
-0.016036421,-0.004688561,-0.011082649,1065521229515147
0.031201988,-0.0022622198,-0.010891914,1065521239402842
0.035497934,0.01076664,0.0057735443,1065521249290538
0.022037387,0.008326039,-0.0049209595,1065521259178233
0.028630525,-0.01289928,0.0034017563,1065521269096446
0.007021308,-0.0044469535,-0.0037250519,1065521278984141
0.0010539293,0.009685963,0.005759239,1065521288871836
0.011491984,-0.005832404,0.004486084,1065521298759532
0.0075879395,-0.015257701,-0.012052536,1065521308647227
-0.016220152,-0.0010137409,-0.0059604645,1065521318534922
-0.008818567,0.0059227943,-0.021167755,1065521328453135
0.0033568144,0.0092237,-0.0055208206,1065521338340831
-0.008252054,0.0077824593,-0.016032219,1065521348228526
-0.0057270825,0.002879709,-0.0039873123,1065521358116221
-0.0068437755,4.989356E-4,-0.026290894,1065521368003916
-0.0043672323,-0.014744714,0.008280754,1065521377922129
-0.007804483,0.011394948,-0.007163048,1065521387809825
-0.0040308833,-0.007673025,0.011782646,1065521397697520
0.010257304,-0.021820769,-0.011959076,1065521407585215
0.016022533,-0.004015416,-0.007047653,1065521417503428
0.0075001717,0.0053503513,0.017800331,1065521427391123
0.0037102103,0.0016945004,0.011613846,1065521437278819
0.0057444572,-0.024257094,0.022042274,1065521447166514
-0.003984809,-0.013213664,0.009906769,1065521457054209
-0.015843362,-0.0011471212,-0.0055561066,1065521466941905
0.006590694,-5.888939E-5,0.009852409,1065521476860118
0.008770466,0.0046035945,0.01086235,1065521486747813
0.006251067,0.030493632,-0.0010824203,1065521496635508
0.013076454,0.021693125,0.031908035,1065521506523204
0.0148824155,0.012993187,0.023141861,1065521516410899
-0.0021887422,0.029228419,-0.0019388199,1065521526298594
-0.030384988,-0.020696074,-0.0066184998,1065521536216807
-0.035501838,-0.008526623,0.0029001236,1065521546104502
-0.007699609,-0.0058508962,-0.006580353,1065521555992198
0.008617967,-0.0032010674,6.084442E-4,1065521565879893
0.039774925,-0.013691187,-0.0040893555,1065521575767588
0.021011114,-0.014604211,0.0018835068,1065521585655284
0.027451307,-0.001311183,0.010101318,1065521595542979
0.048284322,0.010566279,-0.012430191,1065521605430674
0.017209888,-0.0072139055,-0.0051727295,1065521615348887
-0.028764665,-0.013042942,-0.025113106,1065521625267100
-0.02234888,-0.011714354,-0.021170616,1065521635154795
-0.02908495,-0.0056884587,-0.013748169,1065521645042491
-0.02301091,0.009755686,0.019460678,1065521654930186
-0.008961678,0.0062101632,0.0050230026,1065521664817881
0.013300419,0.009653211,-0.018589973,1065521674705577
0.038935363,0.008327469,0.0017375946,1065521684593272
0.019558668,0.016562477,-0.0053653717,1065521694480967
0.024105102,-0.010700822,0.022967339,1065521704368663
0.03461954,-0.008098751,0.0060920715,1065521714286875
-0.004312724,-0.019610897,-0.0011034012,1065521724174571
0.0042849183,-0.011023536,0.029509544,1065521734092784
6.5395236E-4,-0.032050386,0.007832527,1065521743949961
-0.011259019,-0.009137794,0.014760971,1065521753837657
-0.021778136,-0.010210842,-0.011376381,1065521763755870
-0.001503855,0.014619365,0.010004997,1065521773643565
0.014920771,0.0414332,0.007502556,1065521783531260
0.022988826,0.012486681,-0.01264286,1065521793418956
0.0099565685,-6.278604E-4,-0.003025055,1065521803337168
0.010187119,0.01932171,-0.013602257,1065521813255381
-0.0026836991,0.010676801,-0.0016088486,1065521823143077
-0.016573846,-0.010590702,-0.0098314285,1065521833000254
0.010936856,-0.019724935,0.0032720566,1065521842887950
0.0014352798,-0.01232104,0.009093285,1065521852806163
-0.0043407977,-0.010864794,-0.0016593933,1065521862724375
-0.0019285083,0.008163631,0.03250408,1065521872581553
0.034552515,-0.009608567,0.0119485855,1065521882438731
0.014013767,0.0011740029,0.004693985,1065521892356944
0.0019984543,0.014007047,0.0034322739,1065521902275157
-0.01097694,0.016054913,-0.00603199,1065521912193370
0.004662335,0.022804573,-0.011835098,1065521922081065
0.016548187,0.0058986247,1.3160706E-4,1065521931938243
0.008285284,-0.003626287,0.013065338,1065521941856456
-0.005721748,0.009401038,0.019901276,1065521951744151
-0.006610006,0.0068823844,0.011306763,1065521961631846
-0.015794069,-0.009686679,-0.011244774,1065521971550059
0.014890432,-0.008330673,0.0019006729,1065521981437754
0.01899615,4.6789646E-5,0.027785301,1065521991325450
0.024350882,-0.0058638155,-0.002105713,1065522001213145
0.016950667,-0.008204594,0.012062073,1065522011100840
0.03094086,-0.012859583,0.0036172867,1065522020988536
0.032787323,-0.017392918,0.0059127808,1065522030906748
0.007448286,0.008848563,0.006986618,1065522040763926
-0.018759042,0.017093003,0.0033512115,1065522050651622
-0.015116423,0.009737223,0.024492264,1065522060569834
0.014396548,-0.0010654479,-0.0041599274,1065522070427012
-0.008169621,0.011902392,-0.002922058,1065522080345225
-6.3559413E-4,0.017635718,-0.008773804,1065522090263438
-0.02037841,0.024434388,-0.054553986,1065522100151133
-0.019984484,0.014652863,-0.015972137,1065522110038829
-6.926358E-4,0.0074106157,0.014895439,1065522119926524
0.014898062,-0.0055708885,-0.0065546036,1065522129814219
0.041918516,-0.012459829,0.0053071976,1065522139701915
0.020088345,6.466806E-4,0.002861023,1065522149620127
0.026875615,0.008797973,-0.024256706,1065522159507823
0.027604818,-0.027940765,0.009098053,1065522169426036
-0.007032275,-0.019362822,0.0018978119,1065522179313731
-0.02093175,-0.0026136488,-0.021680832,1065522189170909
-0.01629448,-0.010779485,-0.06250095,1065522199089122
0.016387254,-9.990633E-4,0.06576061,1065522208976817
0.0072353184,0.015668035,-0.018819809,1065522218864512
-0.011681795,0.009600759,0.016857147,1065522228782725
-0.017992407,0.013063967,0.020148277,1065522238670420
-0.012853354,-0.012982592,-0.014345169,1065522248527598
0.012176752,-0.017415121,-0.0141124725,1065522258445811
0.009066075,4.9480796E-4,-0.006781578,1065522268364024
0.017399281,-0.01589118,0.03693676,1065522278251719
0.01984179,-0.011930227,0.043427467,1065522288139415
0.01572603,-0.0035723448,0.025057793,1065522298027110
0.027332038,0.0045883805,0.0034503937,1065522307914805
0.0083679855,0.012723818,-0.001335144,1065522317833018
-0.021890193,-0.006417185,-0.011930466,1065522327720713
-0.0057775676,-0.0028607547,-0.030584335,1065522337608409
0.018110365,-0.0028167963,-0.03127289,1065522347496104
-0.024727672,-4.3836236E-4,-0.04133606,1065522357383799
-0.005094081,0.0020038784,0.018255234,1065522367271495
0.03287062,0.01497449,0.0074071884,1065522377189707
0.024850339,0.005349502,0.0014076233,1065522387077403
0.011373341,-0.013379723,-9.6797943E-4,1065522396965098
0.013400137,0.004721597,-0.025659561,1065522406883311
0.0039785802,-9.2184544E-4,0.012413025,1065522416740489
0.0020507872,0.016083479,0.042782784,1065522426658702
0.03306824,0.00910452,0.025567055,1065522436515879
0.0010839999,-0.0038328469,-0.018437386,1065522446373057
-0.017756492,-0.008315623,-0.028725624,1065522456321788
-0.0095309615,-9.666532E-4,0.03180027,1065522466209483
0.015274882,-0.004358873,0.021849632,1065522476097178
0.008412093,-5.72145E-4,-0.013846397,1065522485984873
0.035857946,0.001982972,-0.024238586,1065522495903086
0.00978148,0.0034072846,0.030290604,1065522505790782
0.0077550113,2.103746E-4,0.013264656,1065522515708995
0.025680363,0.015751153,-0.009337425,1065522525596690
0.01706943,-0.0020007938,0.010813713,1065522535453868
-0.016125351,-0.0040045083,-0.0011377335,1065522545372081
-0.013349056,-0.0035031736,0.0071048737,1065522555259776
0.0049040914,-0.013678059,-0.042477608,1065522565147471
0.0058220625,-0.0072780997,-0.05124855,1065522575035166
0.019527525,-0.009049222,-0.016295433,1065522584922862
-0.03033021,0.035348237,0.014565468,1065522594810557
-0.035090625,0.04235062,0.013174057,1065522604698252
0.007313609,0.023163587,-0.030579567,1065522614585948
0.019684821,0.0067807734,-0.018274307,1065522624473643
-0.009231389,-0.011500984,0.0032253265,1065522634361338
-0.012229651,0.0011549518,8.4781647E-4,1065522644279551
0.024465382,-0.013433121,-0.006181717,1065522654197764
0.021027654,-0.021753393,0.011605263,1065522664115977
0.021120071,-0.008742712,0.043156624,1065522674003672
-0.0083069205,0.0016275123,0.010566711,1065522683891368
0.033562988,-0.01532083,-0.013250351,1065522693748545
0.04445693,-0.015616506,0.0104599,1065522703666758
0.01513356,-0.013619512,-0.0061798096,1065522713554454
0.013851106,-0.0046260804,-0.0048589706,1065522723442149
-0.0050201416,-0.00546889,0.0011520386,1065522733329844
-0.017357916,0.008947067,-0.0153102875,1065522743248057
-0.023398668,0.0056442693,-0.0032577515,1065522753135752
-0.013889074,0.019058958,-0.011446953,1065522763023448
0.0029036999,0.031196818,0.02169609,1065522772941661
0.020457804,0.0041153803,-0.022227287,1065522782829356
0.01428321,-0.015583396,-0.01590538,1065522792717051
-0.075243056,-0.024329774,0.009181976,1065522802604747
-0.0068356693,-0.017515965,0.015025139,1065522812492442
0.011578172,-0.0142952725,0.0030956268,1065522822410655
0.028599262,-0.01359424,0.0054807663,1065522832298350
0.011756778,-0.03070622,-0.007443428,1065522842186045
-0.018519402,-0.008671343,0.021091461,1065522852073741
-0.018297672,0.0013032109,-0.0120334625,1065522861961436
0.027092278,0.012275338,-0.005719185,1065522871849131
0.024118483,0.013537161,-0.008882523,1065522881767344
-0.027107596,0.014782518,-0.021411896,1065522891655040
-0.07886797,-0.005081296,4.15802E-4,1065522901542735
-0.035770476,-0.011586472,0.026602745,1065522911430430
0.017343998,-0.009746678,0.027620316,1065522921318125
0.04550183,-0.0067544132,-8.2206726E-4,1065522931236338
0.061092913,0.0032627434,0.012332916,1065522941093516
0.046526015,0.0047892556,-0.006465912,1065522951011729
0.16277534,0.0040014535,-0.020160675,1065522960899424
0.17133397,-0.004811093,-0.024157524,1065522970787120
4.8696995E-4,-0.0062145293,0.011968613,1065522980705332
-0.15719092,0.00189019,0.06391525,1065522990593028
-0.21559489,-0.020907864,0.057152748,1065523000480723
-0.22221762,-0.039704695,0.07015419,1065523010368418
0.2445963,0.04434023,-0.12100792,1065523020256114
0.4811589,0.046428896,-0.049656868,1065523030174327
0.34494555,0.012769073,0.0727787,1065523040031504
-0.03172517,0.016113058,0.002415657,1065523049919200
-0.18056625,0.0029089823,0.02017498,1065523059806895
-0.009827077,0.0027638525,0.018707275,1065523069694590
0.1283248,0.00966873,-0.019371986,1065523079582286
0.1775198,0.011914372,-0.027407646,1065523089500498
0.01140815,-0.018851124,0.010696411,1065523099418711
-0.2177251,-0.07159806,0.030555725,1065523109336924
-0.19488728,-0.08095323,0.0017690659,1065523119224620
0.31033516,0.03252829,-0.0018968582,1065523129112315
0.634802,0.13897815,-0.046108246,1065523139000010
0.08065361,0.05859825,0.029449463,1065523148857188
-0.3779543,-0.054191574,0.044075966,1065523158775401
-0.032458544,-0.013799615,0.025133133,1065523168693614
0.47394234,0.024066955,-0.03932476,1065523178581309
1.1194363,0.14158943,-0.16210556,1065523188469004
0.16175085,0.028589979,0.0010757446,1065523198356700
-0.9917751,-0.18796006,0.09361839,1065523208244395
-0.35785216,-0.18768081,-0.039762497,1065523218162608
0.4324798,0.029691711,-0.0059309006,1065523228050303
0.12794149,0.06169807,0.1017189,1065523237937998
-0.17992765,0.0019120872,0.033605576,1065523247825694
-0.43470693,-0.029811516,0.0097904205,1065523257743907
0.14824754,0.037672766,-0.03680992,1065523267601084
0.057795405,0.020385996,0.03727436,1065523277458262
0.25529003,0.02724918,-0.035622597,1065523287376475
1.183022,0.15399808,-0.21333885,1065523297264170
0.8962619,0.15352206,-0.116889,1065523307182383
-0.8131811,-0.19426048,0.14929295,1065523317070079
-0.114942014,-0.19168362,-0.056634903,1065523326957774
-0.066206515,-0.10170572,0.2010479,1065523336845469
-0.09325397,-0.001726307,0.18673038,1065523346763682
0.19504035,0.12161706,-0.056998253,1065523356651377
0.18874723,0.03536523,0.009183884,1065523366569590
0.106374264,-0.06124025,0.016757965,1065523376457286
0.10412139,-0.044189006,0.011095047,1065523386344981
0.047865212,-0.038900994,-0.07591915,1065523396232676
-0.21070951,-0.06750254,0.066412926,1065523406120372
-0.080962956,-0.07068001,0.121154785,1065523416008067
0.36739373,0.07943138,-0.11203194,1065523425895762
0.30936396,0.12630695,-0.019720078,1065523435813975
-0.10901332,0.09346227,0.027160645,1065523445701670
-0.35360432,-0.022544503,0.06796932,1065523455589366
-0.40873373,-0.10575486,0.05961895,1065523465477061
-0.48117304,-0.11459869,0.06777573,1065523475364756
-0.18048781,-0.115103416,-0.043707848,1065523485282969
0.2663889,-0.0396853,-0.20277691,1065523495170665
0.15159905,-0.0642525,0.16277122,1065523505058360
0.18523097,-0.008070916,0.11794186,1065523514976573
0.43640095,0.12230434,-0.10701847,1065523524833750
0.39167076,0.11486406,-0.15326309,1065523534690928
0.089630604,0.09061578,0.030086517,1065523544609141
-0.18321347,0.05334212,0.15578556,1065523554527354
-0.13933593,-0.02575209,0.013729095,1065523564415049
0.06779677,0.06083685,-0.081463814,1065523574333262
0.07117188,0.08498217,-0.09292984,1065523584220957
0.104248226,-0.04114616,-0.026643753,1065523594108653
0.09293437,-0.015341714,0.28208256,1065523603996348
0.033818007,-0.0221067,2.8038025E-4,1065523613914561
-0.15235037,-0.047917366,-0.16272354,1065523623802256
-0.36902553,-0.07758988,0.11259651,1065523633659434
-0.41832173,-0.10107257,0.13022041,1065523643516612
-0.35533625,-0.11776199,0.12014389,1065523653434825
-0.015346944,-0.016110517,0.04551983,1065523663322520
0.15680045,-0.0026323423,-0.07668686,1065523673240733
0.09166545,-0.013656639,-0.06830883,1065523683158946
0.246633,-0.017580919,-0.06336403,1065523693046641
0.03548199,-0.068656124,0.07780361,1065523702964854
-0.06151873,-0.04615882,0.15304661,1065523712852549
0.37021482,0.14786226,-0.12649918,1065523722709727
0.41430265,0.15738726,-0.074412346,1065523732566905
0.17372596,-0.0042081475,0.123558044,1065523742485118
-0.016960919,-0.055807568,0.04647827,1065523752372813
0.024864137,0.0036292449,-0.11542988,1065523762291026
-0.06299627,-0.07068653,-0.05867195,1065523772178721
-0.0037614703,-0.1076335,0.14819813,1065523782096934
0.01929617,-0.08067298,0.12400246,1065523791984629
-0.1236282,-0.06636757,0.07132244,1065523801872325
0.017858803,0.04033889,-0.04569626,1065523811760020
0.28203452,0.09609583,-0.089571,1065523821678233
0.23147279,0.030029275,0.026857376,1065523831535411
-0.2345519,0.06833505,0.036859512,1065523841423106
-0.41295612,0.081561945,0.03240776,1065523851341319
0.24602777,0.039191708,-0.04127884,1065523861229014
0.11943549,-0.03021431,-0.047971725,1065523871116709
-0.23396915,-0.09032051,0.0132369995,1065523881034922
-0.34079343,-0.12738298,0.15419388,1065523890922618
0.1563515,-0.066117816,0.076345444,1065523900810313
0.58216053,0.005000569,-0.17080021,1065523910698008
0.055322766,0.0045964643,0.025780678,1065523920616221
-0.54491097,-0.09967824,0.13011265,1065523930503916
-0.46504778,-0.10973192,0.025175095,1065523940391612
0.15088296,0.05631803,-0.09417915,1065523950279307
-0.013917208,0.06919436,-0.05469036,1065523960167002
0.13475168,0.097119845,0.10050392,1065523970085215
0.05154711,0.047984086,0.111029625,1065523979972911
0.1542241,-0.027293228,-0.071624756,1065523989860606
0.08398026,-0.045101598,-0.07463837,1065523999748301
-0.42418104,-0.098755784,0.12759495,1065524009666514
-0.14828587,-0.06754581,0.13463879,1065524019554209
0.2086584,0.060256816,0.0056037903,1065524029441905
0.035116315,0.035557926,-0.04901409,1065524039329600
-0.29140568,-0.048052616,-0.049815178,1065524049217295
-0.29074007,-0.05876685,0.121162415,1065524059135508
0.15729076,-0.025246866,0.06836891,1065524069023204
0.3152423,0.0010141879,0.08149052,1065524078910899
0.36434782,-0.015719958,-0.12850952,1065524088798594
-0.15633988,-0.13231325,-0.03216839,1065524098686290
-0.5099825,-0.131658,0.15697956,1065524108604502
-0.4166746,-0.039069973,0.19739723,1065524118461680
0.48832583,0.09334157,-0.20301247,1065524128379893
0.7060321,0.15678142,-0.20122814,1065524138267588
-0.32777917,0.059734948,0.052560806,1065524148155284
-1.1517975,-0.16937989,0.29131413,1065524158042979
-0.07818103,-0.049728073,0.046792984,1065524167961192
0.7412168,0.07369095,-0.12682533,1065524177818370
0.39684206,0.045206085,-0.043165207,1065524187675547
-0.36713165,-0.09405525,0.17425442,1065524197593760
-0.023915708,-0.08888189,-0.040961266,1065524207481456
-0.013140261,-0.094597846,0.08701992,1065524217399668
0.59975874,0.105183735,-0.14356804,1065524227317881
0.26378244,0.10931406,-0.1788044,1065524237205577
-0.66763955,-0.20491825,0.16114998,1065524247093272
-1.015368,-0.20200045,0.42958736,1065524256980967
0.35162622,0.13002622,-0.06365204,1065524266868663
1.2494671,0.39096496,-0.2452898,1065524276756358
0.25794256,0.059233584,0.027672768,1065524286644053
-1.0147188,-0.2323421,0.16182327,1065524296531748
-0.80757,-0.24820381,0.13546085,1065524306449961
-0.33547866,-0.17010656,0.03463745,1065524316368174
0.6964251,0.13410765,-0.21922112,1065524326255870
1.1522794,0.2588118,-0.06761742,1065524336143565
0.0772357,0.0452241,0.111647606,1065524346031260
-0.6472915,-0.15254243,0.061746597,1065524355918956
-0.51002973,-0.15313639,0.08837795,1065524365837168
0.058365226,-0.038800262,-0.0072402954,1065524375724864
0.05834216,0.026564658,-0.014514923,1065524385612559
-0.1882959,0.004604697,0.060678482,1065524395500254
0.11200827,0.025214367,-0.015785217,1065524405387950
-0.091260016,-0.0031263754,-0.025167465,1065524415275645
-0.22211546,-0.033175826,0.03934574,1065524425163340
-0.16586035,-0.042493783,-0.0087070465,1065524435081553
-0.4882117,-0.07413067,0.06384659,1065524444969248
0.0027557611,0.03052473,0.014357567,1065524454856944
1.4616833,0.21242869,-0.16152287,1065524464744639
0.60327256,0.12521568,0.049006462,1065524474632334
-0.5864026,-0.119083904,0.13651848,1065524484520030
-0.5463764,-0.19757517,0.006576538,1065524494438243
-0.088761985,-0.12808803,-0.013638496,1065524504325938
0.42130917,0.038771458,-0.022192001,1065524514244151
0.33420318,0.11562279,0.044499397,1065524524131846
0.2998075,0.07585646,-0.011717796,1065524534019541
0.033855915,-0.022992954,-0.0066633224,1065524543907237
-0.5873664,-0.12279959,0.07720089,1065524553794932
-0.48679972,-0.14083268,0.056822777,1065524563682627
-0.08826327,-0.03521391,-0.007879257,1065524573570323
0.32677805,0.09197876,0.0015201569,1065524583488536
0.37857586,0.109689675,-0.034306526,1065524593376231
-0.20452625,3.0702353E-4,0.093720436,1065524603263926
-0.17562914,-0.06466234,0.032850266,1065524613151622
0.27521724,-0.033811316,-0.041053772,1065524623039317
-0.06735426,-0.04935711,0.05830288,1065524632957530
-0.07717663,-0.06829233,0.03682232,1065524642845225
0.02443391,-0.052266583,0.0058174133,1065524652732920
-0.21283108,-0.047022775,0.052435875,1065524662620616
-0.025295973,-0.03738229,0.017723083,1065524672508311
0.1923539,0.107179604,-0.007416725,1065524682396006
0.17920548,0.10330397,-0.027630806,1065524692283702
-0.06586468,-0.04280545,-0.024954796,1065524702201915
-0.3003189,-0.15356535,0.025313377,1065524712089610
0.116862535,-0.036709175,-0.026313782,1065524721977305
0.04123342,0.028805003,0.08207798,1065524731865000
0.38072437,0.06860721,-0.016339302,1065524741752696
0.27723074,0.07053279,-0.06537628,1065524751640391
-0.13085932,-0.055213176,-0.016241074,1065524761558604
-0.387775,-0.13736942,0.08893299,1065524771446299
-0.5845746,-0.14056131,0.1004982,1065524781333995
0.5540903,0.0636771,-0.057762146,1065524791252207
0.88363284,0.19101508,-0.077077866,1065524801139903
-0.35222238,-0.02597116,0.09865475,1065524811027598
-0.33291125,-0.13313246,0.022288322,1065524820915293
0.63244593,0.042052142,-0.21762943,1065524830802989
-0.21718127,-0.045947924,0.15072346,1065524840690684
-0.29411262,-0.05143673,0.07771683,1065524850578379
-0.023590147,-0.014828235,-0.010475159,1065524860496592
0.09335977,0.037276864,-0.031704903,1065524870384288
-0.19260138,0.045587018,0.050928116,1065524880271983
-0.15524036,-0.04025624,0.027047157,1065524890190196
-0.21734774,-0.10445953,0.055678368,1065524900077891
-0.5045494,-0.13021253,0.08048439,1065524909935069
0.06452435,-0.08895307,0.0214777,1065524919853282
0.89611864,0.101440765,-0.053022385,1065524929740977
0.49672276,0.11434463,0.037691116,1065524939659190
-0.002766788,-0.02386368,0.004556656,1065524949546885
-0.34570402,-0.109351665,0.0254488,1065524959434581
-0.29976833,-0.09120527,-0.01842022,1065524969322276
-0.21355063,-0.05436343,0.07122803,1065524979209971
-0.11476833,-0.028294876,0.091197014,1065524989097666
0.33778608,0.038966082,0.010760307,1065524999015879
0.61883473,0.093781576,-0.055069923,1065525008903575
-0.10684252,-0.015540838,0.098083496,1065525018791270
-0.5788345,-0.18147404,0.08391857,1065525028678965
0.14912713,-0.035322033,-0.0832634,1065525038566661
0.31138074,0.05647052,0.012331009,1065525048454356
0.5120104,0.07894928,0.04923916,1065525058342051
0.2840317,0.07280528,-0.018722534,1065525068260264
0.009713709,-0.045152105,-0.026524544,1065525078147959
0.027478218,-0.03811807,-0.040278435,1065525088035655
-0.5372103,-0.14817557,0.054383278,1065525097953868
-1.1879144,-0.23438029,0.21890736,1065525107841563
0.33119673,0.0054500476,-0.045977592,1065525117729258
1.2652416,0.2158662,-0.14078331,1065525127616954
0.78997916,0.1941394,-0.002105713,1065525137504649
-0.89162827,-0.15193093,0.12251663,1065525147422862
-0.1002897,-0.1774171,-0.14118195,1065525157310557
-0.3874035,-0.07348961,0.14462852,1065525167228770
-0.5469924,-0.00841973,0.15959454,1065525177116465
-0.14297903,-0.029237047,-0.050035477,1065525187004161
0.92393225,0.012957178,-0.038354874,1065525196891856
0.38740754,0.023231842,0.1059227,1065525206779551
0.16246927,0.07605579,-0.27279663,1065525216697764
-1.5837538,-0.23938721,0.37045002,1065525226585459
-0.21437782,-0.14580429,0.0062217712,1065525236473155
1.2256411,0.20178536,-0.19981956,1065525246391368
0.72391796,0.22427751,0.030635834,1065525256279063
0.58140737,0.10900277,-0.18536091,1065525266136241
-1.1228908,-0.252753,0.14645004,1065525276054454
-0.8817165,-0.273615,0.15841866,1065525285942149
-0.018256545,-0.06677437,0.08156395,1065525295829844
0.9135405,0.1963223,-0.11246872,1065525305748057
-0.35664988,-0.016600877,0.061890602,1065525315635752
-1.499754,-0.24825609,0.27536678,1065525325523448
0.02656126,-0.048765548,-0.0052080154,1065525335411143
2.0470679,0.24729751,-0.348835,1065525345298838
0.6858108,0.13906425,-0.0179348,1065525355217051
-0.96038336,-0.103839666,0.25557327,1065525365074229
-1.749548,-0.24022456,0.25884438,1065525374992442
0.32201892,-0.003447175,-0.07876301,1065525384880137
1.8471422,0.21756856,-0.37917233,1065525394798350
1.0397418,0.19527131,0.029633522,1065525404686045
0.6345709,0.0771027,-0.24438381,1065525414573741
-1.1664653,-0.14859691,0.3189516,1065525424461436
-0.81259865,-0.19027074,-0.10828972,1065525434349131
-2.3751378,-0.30670464,0.62983894,1065525444236827
-0.4902125,-0.10007341,0.16625214,1065525454155040
2.1197433,0.3435719,-0.261137,1065525464042735
3.7059298,0.48847032,-0.8482914,1065525473930430
0.800019,0.12668839,0.18499851,1065525483818125
-2.1495795,-0.25591022,0.4598732,1065525493705821
-0.5022765,-0.22486842,-0.46925068,1065525503593516
-0.36851305,-0.16271698,0.10530186,1065525513511729
-0.533492,-0.11496168,0.35683823,1065525523399424
-0.3702513,-0.037987962,-0.020638466,1065525533287120
-0.35901022,-0.059531428,0.25471783,1065525543174815
0.79750556,0.12521136,-0.17621899,1065525553062510
0.04059702,0.06657073,0.04612446,1065525562950206
-0.79015213,-0.14455268,0.16777039,1065525572837901
0.3399766,-0.022638038,-0.0643816,1065525582756114
1.2698743,0.13253066,-0.2602024,1065525592643809
-0.08048743,0.006651938,0.09153652,1065525602531504
-0.68487716,-0.22020012,0.115449905,1065525612449717
0.9752942,0.012127623,-0.3874197,1065525622337413
0.4831233,0.06704966,0.13871384,1065525632225108
-0.36260724,-0.023774676,0.26733685,1065525642112803
-0.8791736,-0.21362796,0.08793163,1065525652000498
-0.33727223,-0.09315493,0.06156254,1065525661888194
0.20566446,0.057172157,-0.054641724,1065525671775889
0.39914632,0.06881625,0.0036125183,1065525681663584
0.29883206,0.030988634,0.123898506,1065525691551280
0.39554834,0.007085234,-0.09487152,1065525701469493
-0.07493216,-0.06713418,-0.066892624,1065525711357188
-0.046381533,-0.057434402,0.0074596405,1065525721244883
0.082933486,-0.03155861,0.079068184,1065525731163096
0.4838084,0.1166481,-0.011865616,1065525741050791
0.5317861,0.13616905,-0.07239914,1065525750938487
0.014689624,0.0016191825,0.113461494,1065525760826182
-0.41254026,-0.11294586,0.07075119,1065525770713877
0.18825626,-0.0150796175,-0.17016888,1065525780601573
0.49675304,0.06734722,-0.26726532,1065525790489268
-0.6059908,-0.10498628,0.17787743,1065525800407481
-0.4988137,-0.10708701,0.2180872,1065525810295176
0.40941244,-0.0018188059,-0.0035495758,1065525820213389
0.51672566,0.04777439,-0.19719219,1065525830101084
-0.18396842,4.55454E-4,0.043276787,1065525839988780
-0.4745478,-0.09712622,0.1696949,1065525849876475
0.13387513,-0.033750698,-0.08883095,1065525859764170
0.6111499,0.04083138,0.030679703,1065525869651866
-0.104531944,-0.01769004,0.059269905,1065525879539561
-0.19025648,-0.014150247,0.03642845,1065525889457774
0.052806377,0.017926432,-0.005358696,1065525899345469
0.20683569,0.04357355,-0.10064316,1065525909233165
-0.34096462,-0.013932243,0.033623695,1065525919120860
-0.3412503,-0.060891412,0.07077885,1065525929008555
0.062265337,-0.031240985,-0.114396095,1065525938896250
0.0147771835,0.037669368,0.11044502,1065525948783946
-0.2747376,-0.008907981,0.1725378,1065525958702159
-0.08939874,-0.07449152,-0.026891708,1065525968589854
-0.0671913,-0.031373933,-0.0014390945,1065525978477549
0.029970229,0.04459022,-0.11226845,1065525988365245
-0.5145311,-0.030531429,0.20228672,1065525998283457
-0.24069345,-0.018567868,0.07314491,1065526008171153
0.019270182,-0.03721916,-0.019830704,1065526018058848
0.17065,-0.0080801025,-0.109069824,1065526027946543
-0.3153134,-0.059614643,0.096785545,1065526037864756
-0.3960445,-0.100940175,-0.032271385,1065526047752452
-0.2847339,-0.13829379,0.044301033,1065526057640147
0.119727194,-0.015352242,-0.021507263,1065526067527842
-0.0017616749,0.014350347,-0.023916245,1065526077446055
-0.2571535,-0.032251492,0.083470345,1065526087333750
-0.05508095,-0.06450226,-0.03398323,1065526097221446
0.09428829,-0.042898856,0.008851051,1065526107109141
-0.019501805,-0.05954726,0.03126812,1065526116996836
-0.041388214,-0.013149582,0.07278347,1065526126915049
0.18468237,0.038708225,-0.033821106,1065526136802745
0.15917844,0.04274988,-0.05296421,1065526146690440
-0.1888299,-0.05318126,0.0557127,1065526156608653
0.01908642,-0.052185304,0.05309105,1065526166496348
0.31495446,0.015468612,-0.015210152,1065526176384043
0.137191,-0.022304006,-9.326935E-4,1065526186271739
-0.02378267,-0.07540709,-0.0045843124,1065526196159434
0.0046237707,-0.03603998,-0.013025284,1065526206047129
0.07169187,-0.044136554,0.0023822784,1065526215934825
-0.17441052,-0.031661138,0.024932861,1065526225853038
0.14235896,0.035765857,0.041461945,1065526235740733
0.30129278,0.047000743,-0.02986908,1065526245628428
-0.19335395,-0.100127436,0.06607056,1065526255546641
-0.07169998,-0.070780456,0.016756058,1065526265434336
0.16232306,0.028774135,-0.0059919357,1065526275291514
0.12848252,0.009297542,0.041003227,1065526285209727
0.38858974,0.036024086,-0.009218216,1065526295097422
0.21489292,-0.020343512,0.0028324127,1065526304985118
-0.18407458,-0.11462704,0.020662308,1065526314903331
-0.069484174,-0.0761179,-0.05252552,1065526324791026
0.07718617,0.020590898,-0.051621437,1065526334678721
-0.042138875,-0.036373388,0.0022153854,1065526344566416
0.1888656,-0.046287112,-0.0460701,1065526354484629
-0.06705207,-0.050334606,0.08060837,1065526364372325
-0.3288284,-0.033001535,0.18040943,1065526374260020
-0.05680996,-0.050822496,0.03374195,1065526384147715
0.08476859,-0.009385619,-0.005719185,1065526394035411
0.044329286,-8.141063E-4,0.08621025,1065526403953623
-0.07638812,-0.014385719,0.04487419,1065526413841319
-0.20082551,0.0032336004,0.11002731,1065526423698497
0.16465718,0.041278094,-0.043841362,1065526433616709
0.44633913,0.06699492,-0.13342285,1065526443504405
0.14341414,-0.03526149,-0.0147714615,1065526453422618
-0.26203293,-0.09012322,0.011808395,1065526463310313
-0.42401034,-0.10539238,0.08238506,1065526473198008
-0.22664636,-0.042773847,-0.040979385,1065526483085704
0.12058765,0.022959813,0.004117012,1065526492973399
0.22665596,0.03073059,0.00970459,1065526502861094
0.16433644,0.011954024,0.06325531,1065526512748790
0.15818793,-0.0181208,-0.0024843216,1065526522667002
-0.011870205,-0.054477714,0.0025501251,1065526532554698
-0.1178422,-0.091827616,0.021856308,1065526542442393
0.069440305,-0.010322925,-0.07725048,1065526552330088
-0.014438689,0.032139737,0.03638935,1065526562217784
0.04074949,0.056732833,-0.04003334,1065526572105479
-0.020316362,0.035985228,-0.04459381,1065526582023692
-0.06353605,-0.010421347,-0.028938293,1065526591911387
-0.2259093,-0.044319313,0.09162521,1065526601799082
-0.3046586,-0.14519349,0.011182785,1065526611686778
0.21537083,-0.03355649,-0.027276993,1065526621604991
0.32853281,0.029979996,0.004878044,1065526631492686
-0.09031594,-0.06095249,0.019190788,1065526641380381
-0.08641511,-0.053723775,0.022837639,1065526651268077
0.07056481,-0.02568445,-0.06551361,1065526661155772
-0.11007172,-0.007893961,0.05287361,1065526671073985
-0.079263985,0.04791438,0.05278206,1065526680961680
-0.13192976,0.04031441,0.055537224,1065526690849375
0.050996304,-0.008504711,-0.06306553,1065526700767588
0.24562383,0.057901297,-0.05378914,1065526710655284
-0.027697861,-0.0011796094,0.03182602,1065526720542979
-0.12514418,-0.033217855,0.06898594,1065526730430674
0.0806303,-0.030840147,-0.034477234,1065526740318370
-0.021158278,-0.042816315,0.0062789917,1065526750206065
-0.13079542,-0.095830254,0.07225227,1065526760124278
0.07698542,-0.01763243,-0.015914917,1065526770011973
-0.094843745,-0.036268532,0.035074234,1065526779899668
-0.027729034,-0.025206681,0.013339996,1065526789787364
0.20899081,0.016173804,-0.033934593,1065526799675059
0.030409634,-0.024460858,0.023210526,1065526809593272
-0.07997799,-0.04935897,0.04770851,1065526819480967
-0.010818422,-0.05164311,0.011755943,1065526829368663
0.14503527,-0.00188246,-0.06250477,1065526839256358
-0.084473014,-0.0055159796,-0.008509636,1065526849144053
-0.24631536,-0.04209594,0.114014626,1065526859062266
-0.0066217184,-0.024628604,0.014404297,1065526868949961
0.18631625,0.0075769033,-0.037726402,1065526878837657
0.121231794,0.03936455,-0.006662369,1065526888725352
-0.015488088,-0.029573359,0.060479164,1065526898613047
0.43738508,-0.010813927,-0.087602615,1065526908500743
0.06493682,-0.04562276,-0.036559105,1065526918418956
-0.31936967,-0.15628636,0.1443367,1065526928306651
0.055196524,-0.093657084,-0.10393906,1065526938194346
0.036381662,-0.07180768,-0.033896446,1065526948112559
-0.25743693,-0.028310083,0.1101675,1065526958000254
-0.002401352,0.06467903,0.083483696,1065526967887950
0.3550161,0.16578612,-0.09807587,1065526977775645
0.013961494,0.040566918,-0.027018547,1065526987663340
-0.13597918,-0.031673923,0.057027817,1065526997551036
0.13045746,-0.026336601,-0.15338898,1065527007438731
-0.23410821,-0.11153512,0.04999733,1065527017356944
-0.14098245,-0.11385344,0.18594551,1065527027244639
0.18943214,-0.039468735,-0.08802128,1065527037132334
-0.15900666,-0.080163375,0.045874596,1065527047020030
0.069321215,0.022718254,0.012217522,1065527056907725
0.13460189,0.05593433,0.016869545,1065527066795420
0.17251545,0.06157168,0.021607399,1065527076713633
0.16840982,0.034738705,-0.08339691,1065527086601329
-0.23406011,-0.07891817,0.07344341,1065527096519541
0.1078307,-0.06815538,-0.027962685,1065527106407237
0.14649361,-0.025385713,-0.07536125,1065527116264415
-0.014358401,-0.004781628,0.0504961,1065527126121592
-0.01425308,0.05067854,0.04476452,1065527136039805
-0.12935942,0.013714392,0.006872177,1065527145958018
0.03484255,0.0029819757,-0.06935692,1065527155815196
-0.2695086,-0.08834362,-0.023462296,1065527165733409
-0.51627755,-0.13812006,0.1607666,1065527175651622
-0.06089115,-0.008706734,-0.020929337,1065527185569834
0.65256906,0.1142429,-0.17709541,1065527195457530
0.6279675,0.063390374,-0.19190025,1065527205345225
-0.19435269,-0.08630036,0.10858917,1065527215202403
-0.5568877,-0.1410132,0.20886612,1065527225120616
-0.23245025,-0.07609116,-0.04343605,1065527235008311
-6.5135956E-4,-0.035667546,0.012834549,1065527244896006
0.30940765,0.13734846,-0.051757813,1065527254814219
0.21293175,0.08898085,0.05692196,1065527264701915
-0.09634727,-0.058711827,0.057925224,1065527274589610
-0.15470695,-0.086135946,0.074502945,1065527284477305
-0.11750364,-0.10434684,-0.009253502,1065527294365000
0.052384496,-0.023158576,-0.072649,1065527304252696
0.11568767,0.08703754,0.040706635,1065527314170909
0.10545701,0.06085558,0.010543823,1065527324058604
-0.018078685,0.059574746,-0.006290436,1065527333946299
-0.16960758,-0.0050307494,0.05222416,1065527343833995
0.37283558,0.072554596,-0.06492615,1065527353721690
-0.30462617,-0.11021096,0.033109665,1065527363609385
-0.3004868,-0.076079816,0.0793581,1065527373527598
0.2597595,0.06276716,0.017943382,1065527383415293
0.33474714,-0.008206716,-0.0025720596,1065527393333506
0.076909244,-0.05327457,0.028513908,1065527403221202
-0.0725885,-0.050819144,0.044099808,1065527413108897
-0.06754172,-0.04953423,-0.05738163,1065527422996592
0.05638337,0.006016869,1.1444092E-4,1065527432884288
-0.20435613,-0.038348444,-0.010601997,1065527442771983
-0.17765743,-0.04297684,0.046753883,1065527452659678
-0.021571517,-0.041478254,-0.014304161,1065527462577891
0.08228952,-5.099736E-4,-0.04065609,1065527472465586
0.006942749,0.018625205,0.03050518,1065527482353282
0.018544793,-0.012167808,0.020456314,1065527492271495
0.107402205,0.058700018,0.007089615,1065527502159190
-0.14856935,-0.022396315,0.077589035,1065527512039740
-0.18618566,-0.022407684,-0.046118736,1065527521957953
-0.1634782,0.0011556707,-0.008936882,1065527531845648
-0.09243119,-0.044778444,-0.019507408,1065527541763861
-0.21870488,-0.05549157,-0.001709938,1065527551621038
-0.18808937,-0.11073716,0.13111687,1065527561508734
0.100229025,-0.075192444,0.029767036,1065527571396429
0.25206256,-8.5427985E-4,-0.02398014,1065527581284124
0.042590797,0.005128486,-0.0049419403,1065527591171820
-0.097274125,-0.0100716725,-0.026137352,1065527601090033
-0.18267,0.008272726,-0.028183937,1065527611008245
-0.10070002,-0.006218152,0.039144516,1065527620895941
-0.0037670732,0.01381948,-0.0065813065,1065527630783636
-0.048371494,-0.008883197,0.07910061,1065527640671331
0.259045,0.06358409,0.03864765,1065527650589544
0.3941241,0.09529064,-0.0021743774,1065527660477240
0.035718083,-0.038681578,-0.018636703,1065527670364935
-0.25323647,-0.13380016,0.018165588,1065527680252630
-0.25105757,-0.109123364,-0.04819584,1065527690140326
-0.15427244,-0.039636597,-0.030042648,1065527700028021
-0.05098301,0.017513223,-0.015836716,1065527709946234
-0.033386886,-0.034170337,0.045271873,1065527719833929
0.08421159,0.006858062,0.021865845,1065527729721624
0.03173375,0.009254374,0.0837059,1065527739609320
0.10763574,0.03245843,-0.0072517395,1065527749497015
0.040691316,8.833222E-4,0.03045559,1065527759384710
0.26767457,0.02142848,-0.044246674,1065527769272406
-0.22753417,-0.046547182,0.004734993,1065527779190619
-0.17543888,-0.057878453,0.052921295,1065527789078314
-0.025248706,0.0051727854,-0.042140007,1065527798966009
-0.05531907,-0.023384232,0.010331154,1065527808884222
0.029540539,0.0015530027,-0.07345104,1065527818771917
-0.047706902,0.023968443,0.0042066574,1065527828659613
-0.16488111,-0.0373214,0.042892456,1065527838547308
0.010460138,-0.030587269,0.019734383,1065527848465521
0.08299148,-0.014768312,0.011081696,1065527858353216
0.06122625,-0.023004735,0.008462906,1065527868240912
0.16070294,0.011247814,-0.025855064,1065527878128607
0.060314953,0.041528337,-0.04072857,1065527888046820
-0.18674833,-0.0072444715,0.029409409,1065527897934515
0.042743623,0.023851689,-0.044098854,1065527907791693
-0.022922933,0.016741894,-0.039933205,1065527917709906
-0.017665565,-0.01131599,0.055955887,1065527927597601
0.24979651,0.017340796,-0.035728455,1065527937485296
0.2086519,0.042867064,-0.015182495,1065527947403509
-0.020447135,-0.028378798,0.061540604,1065527957291204
0.13089019,-0.03260202,-0.04546261,1065527967178900
0.025270998,-0.022764511,-0.041178703,1065527977066595
-0.18379915,-0.056567326,0.021924019,1065527986954290
-0.08895105,-0.052180402,-0.02435112,1065527996841986
-0.021972358,0.0017684083,-0.019307137,1065528006729681
-0.060714424,0.0020799264,0.018586159,1065528016647894
-0.030745983,0.017519416,0.018208504,1065528026535589
0.046776116,0.051505774,-0.0033283234,1065528036453802
0.09194797,0.047382906,0.01909256,1065528046341497
0.072344065,0.025569329,-0.02474308,1065528056198675
-0.1095469,-0.011209406,0.07460308,1065528066086370
-0.06586015,-0.008561475,-0.006638527,1065528076004583
-0.015728235,-0.020010535,-0.050047874,1065528085892279
-0.15677541,-0.037998974,0.009651184,1065528095779974
-0.12430489,-0.04965128,-0.00821209,1065528105698187
-0.09671664,-0.03291245,-0.0128650665,1065528115585882
-0.14116704,-0.033028226,0.04729843,1065528125473578
0.006927371,-0.026375491,0.05582714,1065528135361273
0.055794954,-0.029796343,-0.019323349,1065528145248968
-0.03740585,-0.0014638882,0.017421722,1065528155136663
-0.07444006,-0.010160692,0.047614098,1065528165054876
-0.032395184,-0.05470265,-0.042819023,1065528174942572
-0.0029622912,-0.023531135,-0.016485214,1065528184830267
0.074539185,0.05454205,0.008197784,1065528194717962
0.10749346,0.10233876,-0.06750107,1065528204605658
0.041487038,0.08156914,-0.0041303635,1065528214523870
0.05430323,0.06378482,-0.046611786,1065528224411566
0.057768106,0.028761435,-0.013058662,1065528234329779
0.079803884,-0.034967434,0.039954185,1065528244217474
0.08679789,-0.030520981,-0.011440277,1065528254105169
0.0036985278,-0.051969323,0.04164505,1065528263992865
0.00861907,-0.07548469,0.012671471,1065528273880560
0.043825984,-0.04587867,-0.00401783,1065528283768255
0.00930649,0.0043740775,0.010135651,1065528293686468
-0.012538433,0.05023715,0.009902954,1065528303543646
0.086331844,0.0552506,-0.051553726,1065528313461859
-0.011480868,0.07674272,-0.026106834,1065528323349554
0.004311323,0.04979165,0.047171593,1065528333237249
-0.009929955,0.03135829,-0.06907272,1065528343124945
-0.012886584,-0.011523595,0.0050210953,1065528353043158
0.039202034,-0.031112168,-0.024494171,1065528362930853
0.033207953,-0.02901484,0.014709473,1065528372849066
0.046457887,-0.043288097,-0.0056324005,1065528382736761
0.03230685,-0.0030774213,-0.004425049,1065528392624456
0.02306974,0.0011600927,0.03795433,1065528402512152
0.022087634,-0.033746727,0.041977882,1065528412399847
0.04458171,-0.008412985,0.007082939,1065528422287542
0.013817489,0.0151977595,-0.0036821365,1065528432175238
0.0038756132,0.0056066327,0.011602402,1065528442093451
0.006186664,0.005631175,-0.008702278,1065528451950628
6.276369E-4,0.027034352,-0.052264214,1065528461868841
-0.003198564,0.022406721,-0.032753944,1065528471756537
-0.00680691,0.015456388,-0.008872032,1065528481644232
-0.009755433,0.022682311,0.019378662,1065528491562445
-0.0011550784,0.01787408,0.023748398,1065528501450140
0.026251554,-0.021338848,0.026957512,1065528511337835
0.014507234,-0.009404041,0.004216194,1065528521256048
0.024734676,-0.014045566,-0.012331009,1065528531143744
0.0031030178,-0.0056873783,-0.007411957,1065528541031439
0.047922015,-0.012762137,-0.008470535,1065528550888617
0.026317656,0.009755461,-0.017787933,1065528560806829
0.015655994,0.003610922,-0.013998985,1065528570694525
-0.011374354,0.006912131,-0.009080887,1065528580612738
-0.008628905,0.009050399,0.009882927,1065528590500433
-0.0039129257,0.0018295869,-0.012625694,1065528600388128
0.01803118,0.01001996,-0.0029640198,1065528610275824
0.005318105,0.022721415,0.041888237,1065528620194037
0.0048245788,0.005845517,0.007077217,1065528630081732
-0.015167952,-0.003765691,0.009305954,1065528639969427
0.031344533,-0.014642049,-0.026185036,1065528649857122
0.06532711,-0.012342006,-0.0081214905,1065528659744818
0.05727434,-0.018175289,-0.038604736,1065528669632513
0.028870404,-0.04154512,-0.053230286,1065528679520208
0.0054423213,-0.033852354,-0.009917259,1065528689407904
0.0069625378,-0.015683692,0.010333061,1065528699295599
-0.008408308,-0.02732537,0.04911232,1065528709213812
0.0033792853,0.0022338256,0.029583931,1065528719101507
-0.02018404,0.04292117,0.006825447,1065528729019720
-0.006569445,0.061791867,-0.0038022995,1065528738907415
0.0022917986,0.034558047,-0.044878006,1065528748795111
0.02157414,0.022144016,-0.014641762,1065528758682806
0.018066227,0.0136737805,-0.02137661,1065528768570501
0.005339265,-0.0016327184,0.01905632,1065528778458197
0.010741711,-0.02608965,0.05055523,1065528788345892
7.574558E-4,-0.03620868,0.021494865,1065528798264105
0.02723813,-0.03930293,0.0011892319,1065528808151800
0.04719293,-0.030723652,0.008296013,1065528818039495
0.023507118,0.014182961,-0.021215439,1065528827957708
-0.003767252,0.00904971,-0.023235321,1065528837845404
0.0015687346,0.0111590605,0.010064125,1065528847702581
0.0147897005,0.014299445,0.034581184,1065528857620794
-0.005329907,0.03244801,0.0104522705,1065528867508490
0.004415691,0.025560776,-0.021523476,1065528877396185
-0.010592163,0.0072842743,-0.015316963,1065528887283880
-0.014780283,-0.0034478754,-0.051585197,1065528897202093
0.018703222,-0.030350352,-0.050750732,1065528907089788
0.01171881,-0.02257606,-0.040519714,1065528917008001
-0.010488093,-0.014936281,0.034290314,1065528926895697
0.010904074,-0.018132685,0.024292946,1065528936752874
0.052907765,-0.022584718,0.006245613,1065528946671087
0.048482656,-0.018712223,-0.0091609955,1065528956558783
0.04340601,0.0040790476,0.001543045,1065528966446478
0.0019487739,0.0041098148,-0.036188126,1065528976364691
-0.012099564,4.968401E-4,0.019726753,1065528986252386
-0.017991364,0.01099498,-0.0064792633,1065528996140081
-0.032158017,0.0035805088,0.0018978119,1065529006027777
-0.02724278,0.015106423,0.036032677,1065529015915472
-0.026047826,0.021694064,-0.0010175705,1065529025803167
-0.026163995,0.037687108,-0.05274391,1065529035690863
0.0043553114,0.038164616,0.017640114,1065529045578558
0.03560704,0.008015487,9.1362E-4,1065529055496771
0.027435482,-0.02045826,-0.009645462,1065529065384466
0.03126079,-0.033080034,-0.016511917,1065529075272162
0.034321368,-0.06305433,0.0237751,1065529085190374
0.04731077,-0.072542176,-0.0037469864,1065529095078070
0.042544425,-0.0513447,0.002128601,1065529104965765
0.005908072,-0.015147392,0.005580902,1065529114853460
-0.0021299124,-0.014940057,0.023105621,1065529124771673
0.0012927651,0.013267079,0.03334236,1065529134659369
-0.020320654,0.012627475,0.033996582,1065529144547064
-0.027601361,0.030769758,-0.02066803,1065529154465277
-0.020745397,0.026171412,0.0021123886,1065529164352972
-0.018933654,0.012266187,-0.01078701,1065529174240667
2.450347E-4,0.011552285,-0.012852669,1065529184097845
0.03715533,0.009732395,-8.029938E-4,1065529194016058
0.029790401,-0.0012698211,-0.010227203,1065529203903753
0.034716368,-0.039157312,0.0063524246,1065529213821966
0.07544327,-0.053000607,-0.013777733,1065529223709662
0.03758043,-0.033641342,-0.012351036,1065529233597357
0.010158837,-0.026254388,0.030202866,1065529243485052
-0.010599613,-0.01658,-9.6702576E-4,1065529253372747
-0.010932565,-1.2973323E-4,-0.012775421,1065529263260443
-0.015067339,0.02652581,0.012114525,1065529273148138
-0.010001183,0.056361392,-0.004570961,1065529283066351
-0.013281763,0.059930574,-0.008027077,1065529292954046
-0.025784373,0.049270365,0.006205559,1065529302841742
-0.008581877,0.015147086,-0.009228706,1065529312729437
0.0014022589,-0.018313471,-0.013824463,1065529322617132
0.0030638576,-0.028833121,0.03227234,1065529332504828
0.029159784,-0.035804424,0.025831223,1065529342423040
0.038127422,-0.03576581,-0.008735657,1065529352310736
0.019862354,-0.040483255,-0.009776115,1065529362198431
0.028790414,-0.010991234,0.010420799,1065529372116644
0.01148814,0.0027644373,0.007925034,1065529382004339
-6.778836E-4,-0.0024193153,-0.013371468,1065529391861517
-0.03826356,0.00659056,0.026863098,1065529401779730
-0.02586484,0.020101752,0.04172325,1065529411667425
-0.009776235,-0.0021000095,-0.011857986,1065529421555120
0.0024946928,0.008578714,-8.735657E-4,1065529431473333
-0.020279467,-0.0012363829,-0.006477356,1065529441361029
-0.0071020126,0.018614594,-0.03673935,1065529451248724
0.0038809776,0.019415513,-0.020619392,1065529461166937
0.027926862,0.018037885,-0.033049583,1065529471054632
0.008668065,0.028730579,0.006459236,1065529480942328
0.004310429,0.034623872,-0.0053596497,1065529490830023
0.027390063,0.012088776,6.542206E-4,1065529500717718
0.026866257,-0.040603064,0.014787674,1065529510605413
0.009861529,-0.04995229,0.0016021729,1065529520493109
0.023400843,-0.036811873,-0.013684273,1065529530411322
0.024767816,-0.014593322,-0.001616478,1065529540299017
0.02152127,0.0014067292,0.012578964,1065529550186712
0.019887209,-0.006188765,-0.017043114,1065529560074408
0.01416719,-0.009979051,0.042042732,1065529569992620
0.014517784,0.023937743,0.0118637085,1065529579849798
0.012461543,0.03367645,-0.016636848,1065529589768011
-0.005698085,0.030419115,-0.024679184,1065529599655706
-0.01885897,0.028430372,0.013311386,1065529609543402
0.007892072,0.017018016,-0.017554283,1065529619431097
-0.015265048,0.0044853576,0.027420044,1065529629349310
-0.021393478,0.013289154,-1.821518E-4,1065529639237005
-0.03337449,0.0032243058,-0.016709328,1065529649124701
-0.0042687654,-0.022103414,0.04476261,1065529659012396
-0.0021767616,-0.03457776,0.10761356,1065529668930609
0.028642178,-0.026220594,-0.15774727,1065529678818304
0.04651755,-0.018814348,-0.019694328,1065529688705999
0.04861337,-0.04038393,0.022961617,1065529698593695
0.042639792,-3.9311498E-4,-0.025755882,1065529708481390
0.018780947,0.030674815,0.01938343,1065529718369085
0.045193672,0.03277795,-0.011507988,1065529728256781
0.015488803,0.011239804,0.004061699,1065529738174994
-4.069805E-4,0.014957957,-0.011273384,1065529748062689
-0.026073813,-0.015257008,0.015964508,1065529757950384
-0.040353894,-0.013036422,-0.046743393,1065529767868597
-0.030976713,-0.0014507547,-0.025990486,1065529777756292
-0.0076699853,0.03367506,-0.0138168335,1065529787643988
0.0063340664,0.0036230534,-0.013674736,1065529797531683
-8.159876E-4,1.8186867E-5,0.028812408,1065529807419378
0.023399115,-6.181747E-5,0.012965202,1065529817307074
0.015777111,0.0055538416,0.009241104,1065529827225287
-0.01338768,-0.0019951314,0.01620388,1065529837112982
0.004994273,-0.01061523,0.008948326,1065529847000677
0.010571778,-0.011881888,-0.015903473,1065529856888372
-0.0011827946,-0.01881332,-0.01094532,1065529866776068
-0.013717771,0.003778331,0.010386467,1065529876663763
-0.0105192065,0.015356004,0.014866829,1065529886581976
-0.015394926,0.02219268,0.014539719,1065529896469671
-0.009644926,0.008926034,0.01893425,1065529906357367
0.016735792,0.009880416,-0.0061388016,1065529916275579
0.0034894347,0.010816745,-0.011916161,1065529926163275
0.0104160905,0.011676207,0.00830555,1065529936050970
0.010345697,0.003058061,0.011684418,1065529945938665
0.023588836,-0.01350823,0.0126161575,1065529955826361
0.0143992305,-0.023887768,0.002940178,1065529965714056
-0.024196684,-0.028261125,0.0157938,1065529975601751
-0.012999892,-0.018422715,0.004919052,1065529985489447
0.029571414,0.0040925667,-0.02695465,1065529995377142
0.011885583,0.018111944,0.014653206,1065530005264837
-0.0016469955,0.023766153,0.0166893,1065530015183050
-0.029600263,0.025610186,0.021097183,1065530025070745
-0.023412704,0.00616847,0.004289627,1065530034988958
0.008488417,-0.0011528805,-0.02519226,1065530044876654
0.0062156916,0.012923144,-0.005947113,1065530054764349
-0.008508027,0.0010275468,0.015273094,1065530064652044
0.0015081763,-0.013137631,-0.0062122345,1065530074539740
-0.0041983724,-0.012983374,0.005636215,1065530084427435
0.0077776313,-0.030419104,-0.008588791,1065530094315130
0.016037643,-0.012296863,-0.022593498,1065530104202826
-0.012015402,0.0020875335,-0.0046014786,1065530114090521
-0.027529716,0.015246443,0.017773628,1065530124008734
-0.0053447485,-0.015465245,0.006832123,1065530133896429
0.012460113,-0.007084906,0.01847744,1065530143784124
-0.00557065,-0.016577944,-0.027727127,1065530153702337
-0.00910902,-0.023445033,0.003353119,1065530163590033
0.020463407,-0.031332165,0.0056552887,1065530173477728
-0.012739599,-0.017863378,0.0031957626,1065530183365423
0.001791954,-0.00930047,0.0043087006,1065530193253119
0.01481384,-0.004557766,-0.02049923,1065530203140814
-0.011276126,0.01893954,0.02456665,1065530213059027
-0.010936379,0.031580888,-0.0064516068,1065530222946722
-0.0081743,0.04175984,-0.025211334,1065530232834417
-0.013622165,0.00471209,0.0069742203,1065530242752630
-0.0013680458,0.014126919,0.03273201,1065530252640326
-0.0072359443,0.0032184497,0.01334095,1065530262528021
-0.0039557815,-0.012263626,-0.010386467,1065530272415716
0.0025148988,-0.020378835,0.003982544,1065530282303412
0.018339276,-0.023722522,-0.026633263,1065530292191107
0.03652996,-0.034170203,-0.012036324,1065530302109320
0.025214016,-0.0020309314,0.009363174,1065530311997015
0.0069960356,0.009643979,0.026881218,1065530321884710
0.025522888,-6.484985E-5,0.021740913,1065530331802923
0.0037000775,0.010416113,-0.004483223,1065530341690619
-0.012070835,0.017196342,-0.013792038,1065530351578314
-0.022916257,-9.343624E-4,-0.019399643,1065530361466009
-0.0157035,-0.0070242956,0.0033044815,1065530371384222
-0.027456045,0.012927219,-0.0037794113,1065530381271917
-0.022595823,0.017341077,-0.014294624,1065530391159613
0.031743884,0.022973135,-0.17647743,1065530401047308
-0.0019210577,-0.009368062,0.060611725,1065530410935003
-0.023679674,0.0077378005,0.02645874,1065530420822699
0.024137199,-0.0027493462,-0.051828384,1065530430710394
0.036029637,-0.01892972,0.024202347,1065530440598089
0.028966367,-0.0066370517,-0.0022602081,1065530450485785
0.03364438,-0.014579371,0.0011405945,1065530460403997
5.784631E-4,-0.037693985,0.019789696,1065530470291693
0.0035874844,-0.023008931,0.11580372,1065530480179388
0.0028072,0.0035675205,0.11725998,1065530490097601
-0.0024373531,0.016873706,0.09404564,1065530499985296
-0.012274802,0.006852448,-0.020468712,1065530509872992
-0.046031773,0.029853046,0.021180153,1065530519760687
-0.039345026,0.016036563,-0.020258904,1065530529648382
-0.008079708,0.0025688335,-0.02568245,1065530539566595
0.020491183,2.9625E-4,-0.003968239,1065530549454290
0.0075779557,0.0018357933,-0.035601616,1065530559341986
-0.003619492,0.0023730397,-0.03495884,1065530569229681
0.024434209,-0.0050603,0.02214241,1065530579117376
0.0260247,-0.0051139966,-0.012327194,1065530589035589
0.0077435374,-0.020475492,0.0032014847,1065530598923285
0.007620573,-0.021393612,0.031401634,1065530608810980
-6.650686E-4,-0.0069538355,-0.012686729,1065530618729193
0.024322748,-0.016354337,-0.0030755997,1065530628616888
0.0017957687,0.014400363,-0.0065727234,1065530638504583
-0.008722484,0.025760464,0.0041217804,1065530648422796
-2.5975704E-4,0.046344146,-0.014799118,1065530658310492
-0.015529156,0.009033725,-4.2057037E-4,1065530668167669
0.016311824,0.0029098168,-0.0039339066,1065530678085882
-0.011375904,-0.005671516,-0.010887146,1065530687973578
4.042983E-4,-0.012882888,-0.0012779236,1065530697861273
-8.311868E-4,0.0037509575,-0.0047779083,1065530707779486
0.0061588287,-0.0068654567,0.030630112,1065530717667181
-0.0012456179,-0.011478543,0.010126114,1065530727524359
0.02571845,0.014598861,-0.021808624,1065530737442572
0.019520044,0.0025584474,0.010322571,1065530747330267
0.020531535,-0.016438559,0.004255295,1065530757217962
0.015580595,-0.0115353465,0.0065164566,1065530767105658
0.011971176,4.4816732E-4,-0.0065431595,1065530777023870
