0.11289942,0.05333805,0.013548017,289997244626803
0.07329291,0.07444763,0.029183626,289997254514499
0.041752458,0.066931725,0.024416894,289997264402194
-0.04900855,0.05009556,-0.027693659,289997274320407
-0.14792567,0.040614128,0.009006828,289997284208102
-0.18605667,0.07252979,0.09916836,289997294095798
-0.19185078,0.099300385,0.16685405,289997303983493
-0.10361987,0.0715847,0.17070848,289997313871188
-0.07351774,0.058576584,0.124004304,289997323789401
-0.041374505,0.07763767,0.09563908,289997333677096
0.0048525333,0.043489456,0.016715467,289997343564792
0.05234754,0.052295685,-0.014661908,289997353452487
0.10736674,0.062134743,0.039172083,289997363370700
0.075959325,0.03294468,0.07344425,289997373258395
0.07956123,0.056043625,0.102805585,289997383176608
0.098725736,0.054011345,0.13685137,289997393033786
0.08621061,0.04731083,0.12863329,289997402921481
0.015439093,0.0736742,-0.010437459,289997412839694
0.002394557,0.046643257,-0.07259107,289997422727389
-0.025981963,0.04009056,-0.027902246,289997432645602
-0.037656605,0.051315308,-0.11721742,289997442533298
0.074284315,0.05056858,-0.16092366,289997452420993
0.17862946,0.046251297,-0.05788955,289997462308688
0.16789538,0.044306755,-0.007890433,289997472226901
0.09132719,0.041140556,0.03403935,289997482114596
-0.018561363,0.037989616,-0.048220813,289997492002292
-0.10185844,0.023104668,-0.17640704,289997501889987
-0.04086417,0.042621613,-0.15887594,289997511777682
0.014910996,0.04297161,-0.112529725,289997521695895
-0.063434064,0.037395477,-0.08451545,289997531583590
-0.08658481,0.026021004,0.06820521,289997541501803
-0.0851962,0.04192829,0.16747695,289997551389499
-0.032794893,0.049398422,0.34929475,289997561277194
0.03217286,0.028601646,0.36161196,289997571164889
0.03701508,0.042354584,0.33143243,289997581083102
0.014775217,0.05124569,0.26178956,289997590970798
0.07638919,0.02590561,0.17427203,289997600858493
0.118272126,0.03870392,0.056818783,289997610746188
0.10838252,0.019495964,-0.016662538,289997620664401
0.091344655,0.051174164,-0.07349688,289997630521579
0.01750058,0.04580021,-0.13666299,289997640439792
-0.1621173,0.04049492,-0.25598451,289997650327487
-0.22144741,0.016691208,-0.31209862,289997660215182
-0.18917394,0.014456749,-0.3692608,289997670133395
-0.13244075,0.036125183,-0.37910938,289997680021090
-0.0031231046,0.037391663,-0.24996993,289997689939303
0.16472536,0.025486946,-0.10705364,289997699826999
0.2442748,0.035014153,-0.0065123737,289997709714694
0.23541099,0.039670944,0.09460971,289997719602389
0.18287194,0.051405907,0.16128168,289997729520602
0.10688752,0.040355682,0.18843523,289997739408298
0.08946079,0.022184372,0.17301902,289997749295993
0.06432849,0.047039986,0.2034902,289997759214206
0.0098567605,0.020513535,0.19965848,289997769101901
-0.026346147,0.02035904,0.16034552,289997778989596
-0.05071789,0.029813766,0.11289114,289997788877292
-0.042195022,0.0345335,0.057086855,289997798764987
-0.13236779,0.030936241,0.0653888,289997808683200
-0.19691038,0.03220558,0.03585285,289997818540378
-0.11336303,0.033545494,0.040094733,289997828458590
0.05123067,0.030190468,0.03249368,289997838346286
0.19247794,0.061499596,0.037169993,289997848233981
0.20279187,0.038959503,0.048250586,289997858121676
0.105774224,0.0068616867,-0.043157965,289997868039889
0.010092378,0.030892372,-0.13457131,289997877927585
-0.040941894,0.026163101,-0.159648,289997887815280
-0.01702404,0.025022507,-0.20859641,289997897733493
0.04346299,0.022657394,-0.09290716,289997907621188
0.059553802,0.033402443,0.0059327483,289997917508883
0.03224778,0.043473244,0.026124567,289997927427096
0.034940064,0.04158783,-0.030630827,289997937314792
0.048324943,0.032676697,-0.034548223,289997947202487
-0.016090453,0.032141685,-0.060852706,289997957120700
-0.05823338,0.018651962,-0.19893882,289997966977878
-0.05882567,0.032452583,-0.20635155,289997976865573
-0.03642416,0.040103912,-0.17403463,289997986783786
0.025147557,0.040537834,-0.1001699,289997996701999
0.060832083,0.03271866,-0.016764909,289998006559176
0.107835054,0.016755104,0.091841996,289998016477389
0.06629419,0.0257473,0.13987279,289998026365085
-0.009281933,0.025162697,0.13808069,289998036283298
-0.015201986,0.04109764,0.15357059,289998046170993
0.04705912,0.039143562,0.25120023,289998056058688
0.10363597,0.04552555,0.26179335,289998065976901
0.09618318,0.02003479,0.25287634,289998075864596
0.054130077,0.020899773,0.25658768,289998085752292
0.017902136,0.0382576,0.1633515,289998095639987
0.053060114,0.023572922,0.09800166,289998105527682
0.07493746,0.027996063,0.14427343,289998115445895
-0.045522273,0.018210411,0.09406662,289998125333590
-0.17688572,0.015681267,0.03356716,289998135221286
-0.17987263,0.026230812,-0.031530887,289998145108981
-0.11612737,0.029632568,-0.04834187,289998155027194
0.05459714,0.028360367,-0.12724778,289998164914889
0.2563253,0.013027191,-0.116743,289998174802585
0.24992585,0.027665138,-0.15026572,289998184690280
0.044759274,0.043330193,-0.234765,289998194577975
-0.14831555,0.011080742,-0.32559383,289998204496188
-0.17668957,0.027791977,-0.36172885,289998214383883
-0.06767768,0.0253191,-0.31716096,289998224271579
0.053342164,0.032364845,-0.31946307,289998234159274
0.05077052,0.02976036,-0.416145,289998244077487
0.040010035,0.019885063,-0.34336045,289998253965182
-0.06365174,-0.0020046234,-0.21975884,289998263852878
-0.20076925,0.027460098,-0.09247923,289998273771090
-0.16054487,0.043772697,0.071637094,289998283658786
-0.04259801,0.003982544,0.12520388,289998293546481
0.09495866,0.014503479,0.16830131,289998303464694
0.14416885,0.013077736,0.20156032,289998313321872
0.12343669,0.020037651,0.12476909,289998323240085
0.17149818,0.022198677,0.111310005,289998333127780
0.2298891,0.042245865,0.25269893,289998343045993
0.23824328,0.01681137,0.40964845,289998352933688
0.12651241,0.021270752,0.41982675,289998362821383
0.11200535,0.017360687,0.38105977,289998372709079
0.07942593,0.023025513,0.2897728,289998382627292
0.065638244,0.029902458,0.17664014,289998392514987
0.09076542,0.028410912,0.06728625,289998402402682
0.11880255,0.024553299,0.03233996,289998412320895
0.10805559,0.018300056,-0.016346097,289998422208590
-0.0834201,0.01201725,-0.089937836,289998432096286
-0.29599613,0.0033721924,-0.24412319,289998441983981
-0.30656242,0.012720108,-0.16673088,289998451871676
-0.24880642,0.0185318,-0.10918173,289998461789889
-0.13695127,0.012475967,-0.09342295,289998471677585
0.0042768717,0.016047478,-0.044673473,289998481595798
0.101590276,0.007704735,0.040761918,289998491483493
0.035423875,0.028030396,-0.05769378,289998501371188
0.017631292,0.017235756,-0.21190879,289998511258883
0.06461638,0.02432251,-0.22354636,289998521177096
0.23731232,0.020578384,-0.10674223,289998531064792
0.36321568,0.023877144,-0.07402244,289998540952487
0.43870085,0.03418064,0.097572505,289998550840182
0.51933104,0.03954315,0.17935786,289998560758395
0.53627974,0.033988,0.2273441,289998570646090
0.41974533,0.037862778,0.19063962,289998580533786
0.24005386,0.070269585,0.15412852,289998590421481
-0.35631254,0.022580147,0.067321956,289998600339694
-0.5140219,0.0061616898,0.104195714,289998610227389
-0.3988284,-0.011207581,0.3027435,289998620115085
-1.2089964,-0.53332424,-0.24316376,289998630002780
0.07177946,-0.1445198,-0.6108602,289998639920993
2.894851,0.6620512,1.969612,289998649808688
1.274278,0.01742649,-0.58674204,289998659696383
0.56295675,-0.20743084,-0.28137985,289998669584079
1.3767315,0.013802528,0.67541087,289998679502292
1.4094952,0.043774605,0.24458632,289998689389987
1.2160722,0.005596161,-0.31326368,289998699308200
1.4120343,0.09265804,0.15505475,289998709165378
0.86109006,-0.07154083,0.08427146,289998719053073
1.1637428,-0.0036783218,0.15253204,289998728971286
1.4918396,0.091646194,0.35311243,289998738858981
1.2214805,-0.0020151138,-0.06974006,289998748777194
0.754796,-0.09674072,0.07605031,289998758664889
0.8184171,-0.059664726,0.093526244,289998768552585
1.129312,0.07667065,0.029271185,289998778440280
1.0482557,-0.07156372,-0.32352975,289998788327975
1.4988738,0.08509636,0.15785223,289998798215671
1.4419596,0.0407238,0.16212544,289998808103366
1.051693,-0.12184334,-0.014793158,289998818021579
1.368983,0.013511658,0.34353936,289998827939792
1.5173634,0.06148815,0.19271106,289998837827487
1.3491049,0.28704834,-0.010238826,289998847684665
0.2098715,-0.07698727,0.0323309,289998857633395
-0.30892882,-0.4292488,-0.44816834,289998867490573
0.81232363,-0.029934883,0.06473565,289998877408786
1.7870196,0.21730614,0.23011938,289998887296481
2.1914568,0.24871826,0.027768552,289998897184176
0.80150765,-0.17928886,0.12926745,289998907071872
1.1370178,-0.035529137,0.08578923,289998916990085
1.4984148,0.17750835,0.34519324,289998926877780
0.5945181,-0.054439545,-0.6010114,289998936765475
0.86686337,0.060246468,-0.3290925,289998946683688
0.12280917,-0.17642593,-0.14459804,289998956571383
1.0485911,0.04983139,-0.10004479,289998966459079
0.7243019,0.054707527,-0.0021016896,289998976377292
0.38444012,0.022250175,0.07412627,289998986264987
0.2173633,-0.026924133,0.21805635,289998996152682
0.29308218,-0.0065250397,0.1036883,289999006040378
0.729644,0.14057446,0.2730798,289999015928073
0.2613914,-0.03044796,-0.117994726,289999025815768
0.34553742,0.2129879,-0.018514037,289999035733981
-0.69951284,-0.26099873,-0.37963542,289999045621676
-0.49081063,-0.126894,-0.17291725,289999055509372
0.17974168,0.035115242,-0.0039200485,289999065397067
0.84074676,0.3007145,0.21043006,289999075315280
-0.12858003,0.021647453,0.079104036,289999085233493
-0.79732543,-0.23330212,-0.5201634,289999095121188
0.41070902,0.07883549,0.2446656,289999105008883
0.6854225,0.13254642,0.41184133,289999114896579
-0.23062545,-0.14123726,-0.2949648,289999124784274
0.19070637,0.041879654,0.21582934,289999134702487
-0.1768713,-0.028393745,0.3387206,289999144590182
-0.03390503,-0.0015525818,0.029803723,289999154447360
0.45503318,0.07682037,0.1635778,289999164365573
0.49332535,0.09388828,-0.040507644,289999174253268
0.5324059,0.14249802,0.1745866,289999184140964
-0.7297081,-0.03533268,-0.15144417,289999194059176
-0.99169016,-0.11590195,-0.22847357,289999203946872
-0.7706903,-0.030763626,0.29928854,289999213865085
-0.38337785,0.03328514,-0.0038380623,289999223752780
-0.19394588,0.03782463,0.015821636,289999233640475
0.17697334,0.02811718,0.19580713,289999243528171
0.18218023,0.071949005,0.096375376,289999253446383
-0.072143555,0.025808334,-0.036009014,289999263334079
-0.13095522,0.04290676,0.14204392,289999273221774
-0.20159352,0.016979218,0.10809392,289999283109469
-0.4527182,0.0066366196,-0.23152015,289999293027682
-0.1425736,0.019028664,-0.058648527,289999302915378
-0.97998196,-0.028518677,-0.13249159,289999312833590
-0.32197756,0.04248047,-0.06439516,289999322721286
-0.25304967,0.10173702,0.27938575,289999332608981
-0.15716243,0.023409843,-0.33027688,289999342496676
0.36954218,0.11816406,1.963973E-5,289999352384372
-0.030601203,-0.0015687943,0.003420502,289999362302585
-0.71489304,0.017036438,-0.29304484,289999372190280
-0.67337,-0.0047216415,-0.09633577,289999382047458
-0.48745447,0.0015945435,0.09623358,289999391965671
-0.07935268,0.017611504,0.06401515,289999401883883
-0.07556409,0.05716896,0.40201867,289999411741061
-0.1501959,0.02493763,0.58044785,289999421598239
0.2865671,0.13643265,0.9099426,289999431516452
-0.67809206,-0.028294563,-0.04934135,289999441404147
-0.31792104,0.072312355,0.0035544038,289999451322360
-0.9921071,0.016072273,0.34147197,289999461179538
-0.93850964,-0.014796257,-0.17461115,289999471097751
-0.088691235,0.15567493,0.36530387,289999481015964
-0.24093688,0.10585976,0.18854746,289999490934176
-0.5560036,0.048131943,-0.22551838,289999500821872
-0.8323117,0.05449009,0.11654931,289999510709567
-1.1840962,-0.054948807,0.2821933,289999520597262
-1.6110406,-0.03468132,0.1002374,289999530484958
-1.2316427,0.074632645,0.061472684,289999540372653
-0.992069,0.10168266,-0.07520208,289999550290866
-1.0233617,0.11642265,-0.1658164,289999560178561
-1.1563839,0.062475204,0.08695331,289999570066256
-1.5318937,0.026247978,-0.09965202,289999579984469
-1.5003026,0.0823288,0.18552941,289999589872165
-1.0422956,0.11003399,0.14263472,289999599759860
-1.160264,0.06455803,-0.21293241,289999609678073
-1.2609117,0.046051025,-0.14374682,289999619565768
-1.5197237,0.04763794,0.30555075,289999629453464
-1.6758337,-0.0041513443,0.07454121,289999639341159
-1.2840992,0.030958176,0.1096507,289999649259372
-0.67050517,0.15116882,-0.045906246,289999659147067
-1.0742877,0.07235336,-0.48258302,289999669065280
-0.9307799,0.03383255,-0.15905222,289999678952975
-1.1454539,0.022958755,0.27717018,289999688840671
-1.3635778,-0.02212143,-0.17482916,289999698728366
-0.60299796,0.12686157,0.045370728,289999708646579
-0.47415602,0.11412239,0.052139938,289999718503756
-0.6021607,0.07678127,-0.064459175,289999728421969
-0.7440203,0.05573082,0.1577273,289999738309665
-0.9235533,0.032274246,0.06755152,289999748197360
-1.0502987,0.037607193,-0.062150568,289999758115573
-1.0888727,0.01192379,-0.01636833,289999768003268
-0.9939057,0.055631638,0.1797862,289999777890964
-1.0394177,0.07068443,0.23081636,289999787778659
-1.4492825,0.039149284,-0.030071855,289999797696872
-2.0776613,-0.15223503,-0.27736163,289999807584567
-1.5719697,-0.0012397766,-0.24866378,289999817472262
-1.0485663,0.050601006,-0.21109968,289999827390475
-0.47781998,0.06886959,-0.36407167,289999837278171
-0.27966553,0.016475677,-0.09680784,289999847135348
-0.028921485,0.014291763,-0.034072876,289999857053561
-0.010249555,0.027680397,-0.07801795,289999866941256
0.02082324,0.0016393661,-0.17255872,289999876859469
0.12898427,0.02339077,-0.11426723,289999886747165
0.4770549,0.046167374,0.017433107,289999896634860
0.68438005,0.04249382,0.2319709,289999906522555
0.6351138,0.038633347,0.15932375,289999916410251
0.47824526,0.04535103,0.011599004,289999926328464
0.41613555,0.026766777,-0.033080935,289999936246676
0.42163503,0.057005882,0.14029235,289999946134372
0.13114488,0.05717945,-0.04169172,289999956022067
-0.0743202,-0.01674366,-0.060124874,289999965909762
-0.16514057,-0.090335846,-0.077795625,289999975797458
-0.08739689,-0.057086945,0.08828938,289999985715671
-0.20226872,-0.040205956,0.1681577,289999995603366
0.1103971,0.08561993,-0.15357536,290000005491061
0.11398214,0.078487396,-0.07879457,290000015378756
-0.05031258,0.03521633,0.032586962,290000025296969
-0.19284326,-0.018897057,0.12555847,290000035184665
-0.031521976,-0.014255524,0.23108673,290000045072360
0.00785315,0.03716564,0.2739714,290000054990573
8.800626E-4,-0.020083427,0.16562581,290000064878268
0.40350294,0.07221699,0.26567984,290000074765964
0.4664235,0.11409569,0.22185996,290000084653659
0.09696257,0.057600975,0.038030118,290000094541354
-0.2456733,0.001001358,0.20023212,290000104459567
-0.20852363,-0.021935463,0.19195205,290000114347262
-0.21597755,0.017502785,0.11010814,290000124234958
-0.5925568,-0.1376257,0.049588144,290000134122653
-0.39489412,-0.05195713,0.118958294,290000144010348
0.6101883,0.17960835,0.11841667,290000153928561
0.8241091,0.11550236,0.09353089,290000163816256
0.6156376,0.07850838,0.12548286,290000173703952
0.067047715,0.04841423,0.102600634,290000183622165
-0.14508358,0.021850586,-0.15523136,290000193509860
-0.28727177,0.020418167,-0.012827992,290000203397555
-0.38554257,-0.019210815,-0.18651485,290000213285251
-0.41040757,-0.045552254,-0.19596785,290000223172946
-0.353462,-0.0657568,-0.072307944,290000233030124
-0.21244878,0.040805817,0.121442616,290000242948337
-0.14006743,0.020589828,0.0127670765,290000252866549
-0.17738724,-0.018663406,-0.079606295,290000262754245
-0.07084447,0.012652397,-0.09089148,290000272641940
0.15376121,0.03315544,-0.06943238,290000282560153
0.3805303,0.048755646,-0.030839264,290000292447848
0.46549848,0.059425354,0.044210136,290000302335544
0.2929182,0.036507607,0.077457845,290000312223239
0.021729589,0.018318176,-0.021469235,290000322110934
-0.15249163,0.0049114227,-0.03665805,290000332029147
-0.20903441,-0.008446693,0.038353324,290000341916842
-0.20144013,-0.015752792,0.008773565,290000351835055
-0.100188494,0.012845039,-0.053528428,290000361753268
0.005253315,0.015128136,0.0017799139,290000371640964
0.03712371,0.009046555,0.025452018,290000381528659
-0.06350815,-0.011353493,0.093409956,290000391416354
-0.16076949,-0.017317772,-0.028238773,290000401304049
-0.11579564,0.0054445267,-0.06022209,290000411191745
0.09618008,0.026963234,-0.018923163,290000421079440
0.31111655,0.034056664,0.032303214,290000430997653
0.37530446,0.0434494,0.10813379,290000440915866
0.29131174,0.031219482,0.16243029,290000450773044
0.13686925,0.024897575,0.23151463,290000460691256
0.07117894,0.023384094,0.21070212,290000470578952
-0.07634431,0.017140388,0.19466197,290000480466647
-0.21570987,2.3937225E-4,0.12480724,290000490384860
-0.21911645,-0.0021677017,-0.053013265,290000500272555
-0.10397428,0.01103878,-0.03365451,290000510160251
0.017925143,0.018271446,-0.046106935,290000520047946
0.011253655,0.0063648224,0.007814527,290000529966159
-0.0565055,0.0076293945,0.051654696,290000539823337
-0.08983913,-6.427765E-4,0.113904655,290000549741549
-0.06699833,0.0030517578,0.096604526,290000559659762
0.15707493,0.035006523,0.14591146,290000569516940
0.39267433,0.050696373,0.17867559,290000579374118
0.55319905,0.049588203,0.12757766,290000589292331
0.5830263,0.04714775,-0.059883237,290000599210544
0.35286623,0.045685768,-0.26728898,290000609128756
0.072576255,0.028477669,-0.37670273,290000619016452
-0.20603004,-0.013969421,-0.36328477,290000628904147
-0.3463791,-0.014633179,-0.43201232,290000638822360
-0.33474368,-0.02012825,-0.29508108,290000648710055
-0.3367995,-0.04233551,-0.17133409,290000658597751
-0.29994476,-0.02384758,-0.077604115,290000668485446
-0.03754419,0.012604713,-0.015253276,290000678403659
0.08558619,0.027519226,0.10866299,290000688291354
0.19762012,0.030536652,0.14203712,290000698179049
0.24694157,0.02401352,0.17143854,290000708097262
0.34664497,0.02347374,0.40018517,290000717984958
0.25825116,0.026520729,0.5219565,290000727842135
0.17562181,0.03439045,0.5573212,290000737760348
0.13877064,0.037558556,0.5383556,290000747648044
-0.031999975,0.0026254654,0.4267885,290000757535739
-0.21419176,-0.009404182,0.22444579,290000767453952
-0.4760995,-0.051128387,0.02799794,290000777341647
-0.5565113,-0.043610573,0.015199751,290000787229342
-0.40324527,-0.027572632,0.05114919,290000797147555
0.04104644,0.028022766,0.18247047,290000807035251
0.62515396,0.06447792,0.30463684,290000816922946
0.89047796,0.07809067,0.30764574,290000826810641
0.65565586,0.060430527,0.34519392,290000836728854
0.08637583,0.019964218,0.22725698,290000846586032
-0.30748415,-0.020421028,0.10078329,290000856504245
-0.43449995,-0.041460037,-0.09770265,290000866422458
-0.36164415,-0.022900581,-0.083221704,290000876310153
-0.19671583,0.010044098,-0.13838822,290000886197848
0.08981192,0.02385807,-0.13872576,290000896085544
0.30227506,0.041175842,-0.06537804,290000905973239
0.3268935,0.024913788,-0.021853149,290000915891452
0.24986762,0.0049705505,-0.00862366,290000925779147
0.0759269,0.027982712,0.08829439,290000935666842
-0.09188384,0.010306358,0.102959216,290000945554538
-0.2119366,-0.0048799515,0.022560835,290000955472751
-0.22933501,-0.007980347,-0.03473234,290000965360446
-0.10772449,0.004535675,-0.075558186,290000975248141
0.20445478,0.024202347,-0.089735866,290000985135837
0.39555073,0.03540325,0.015820682,290000995054049
0.3531177,0.030917168,0.03474486,290001004941745
0.18930382,0.04064846,-0.015530407,290001014829440
-0.13000768,0.021585464,-0.08254349,290001024747653
-0.3521796,0.0013628006,-0.30079496,290001034635348
-0.2369256,0.006258011,-0.30679274,290001044523044
-0.08258009,0.008695602,-0.17823696,290001054410739
0.15249091,0.013440132,-0.092014015,290001064328952
0.30704135,0.033589363,0.018480182,290001074216647
0.3312208,0.0440197,0.106500685,290001084104342
0.2177847,0.031643867,0.052350044,290001093992038
-0.012945473,0.014422417,-0.10052264,290001103879733
-0.06601721,0.015126228,-0.1628415,290001113767428
-0.11955184,0.008601189,-0.1642766,290001123655124
-0.056764126,0.018777847,-0.10398507,290001133542819
0.03857088,0.028918266,0.06948,290001143461032
0.06534648,0.030651093,0.2075516,290001153379245
0.18423629,0.040794373,0.26730305,290001163266940
0.14837617,0.01752758,0.30917948,290001173154635
0.16246217,0.020622253,0.27260715,290001183072848
0.04104668,0.0058717728,0.370484,290001192960544
-0.10963097,0.011540413,0.40807408,290001202848239
-0.04436788,-0.0029506683,0.18988073,290001212735934
0.015155435,0.008970261,0.27590087,290001222623630
0.025232762,0.016187668,0.2938566,290001232541842
-0.025544107,7.8487396E-4,0.09983939,290001242429538
-0.1073173,-0.016896248,0.09027833,290001252317233
-0.2925295,-0.02249813,0.05394721,290001262204928
-0.3599771,-0.020801544,-0.032011688,290001272092624
-0.28800634,-0.016563416,-0.05458337,290001282010837
-0.061311036,-0.0050792694,0.035606325,290001291898532
0.27682084,0.03031063,0.04736215,290001301786227
0.5146144,0.04406452,0.0933246,290001311704440
0.48488265,0.040916443,0.05300373,290001321592135
0.31292707,0.026849747,-0.07303339,290001331479831
0.11767757,0.023431778,-0.15723693,290001341398044
-0.14406139,-0.0015993118,-0.25657356,290001351285739
-0.25418073,-0.026611328,-0.26062053,290001361173434
-0.26324618,0.0045204163,-0.26699537,290001371061130
-0.057084262,0.009249687,-0.21382701,290001380948825
0.15818006,0.03541279,-0.061370075,290001390836520
0.2766103,0.030374527,0.0020942688,290001400754733
0.29955524,0.02998352,-0.021472573,290001410642428
0.24324071,0.023487091,0.14685428,290001420530124
0.052593708,0.025316238,0.18616015,290001430448337
-0.19558746,-0.0038833618,0.20832461,290001440336032
-0.282928,-0.005425453,0.21350294,290001450223727
-0.14746594,3.5572052E-4,0.19359559,290001460141940
0.027758121,0.03135681,0.23573428,290001470029635
0.14348525,0.025357246,0.20969844,290001479917331
0.30492628,0.02895546,0.13255632,290001489805026
0.30754828,0.022982597,0.22998387,290001499692721
0.103134274,0.0062274933,0.25442165,290001509580417
-0.10097033,-0.002087593,0.1465649,290001519468112
-0.19883561,4.5585632E-4,0.12363815,290001529386325
-0.18334532,-4.7779083E-4,0.12746584,290001539243503
-0.028567076,0.008246422,0.060105145,290001549161715
0.07731801,0.00983429,0.04448533,290001559079928
0.07558584,0.01857853,0.010866225,290001568967624
0.026322007,0.014163017,-0.058656275,290001578855319
0.040621042,0.012102127,-0.10577917,290001588773532
0.08599293,0.029099464,-0.07715052,290001598661227
0.10523045,0.007780075,-0.2371065,290001608548923
0.036567867,0.01621151,-0.45611173,290001618467135
0.08651763,0.02083397,-0.08928186,290001628354831
0.1796583,0.018127441,-0.0659135,290001638242526
-0.025181472,0.01414299,-0.11411333,290001648130221
-0.040554702,0.0053043365,0.038637757,290001658048434
-0.04217577,0.010873795,0.07388401,290001667936130
-0.012207627,0.02484417,0.059527695,290001677823825
0.080631495,0.019724846,0.2020734,290001687742038
0.14707094,0.030176163,0.31983852,290001697629733
0.15077913,0.0107803345,0.30597526,290001707517428
0.11359352,0.026098251,0.34264046,290001717405124
